"STATION","DATE","LATITUDE","LONGITUDE","ELEVATION","NAME","TEMP","TEMP_ATTRIBUTES","DEWP","DEWP_ATTRIBUTES","SLP","SLP_ATTRIBUTES","STP","STP_ATTRIBUTES","VISIB","VISIB_ATTRIBUTES","WDSP","WDSP_ATTRIBUTES","MXSPD","GUST","MAX","MAX_ATTRIBUTES","MIN","MIN_ATTRIBUTES","PRCP","PRCP_ATTRIBUTES","SNDP","FRSHTT"
"43128599999","2020-01-01","17.2333333","78.4166666","617.0","HYDERABAD INTERNATIONAL AIRPORT, IN","  73.4","24","  68.7","24","9999.9"," 0","999.9"," 0","  2.9","24","  4.9","24","  8.0","999.9","  82.4","*","  68.0","*"," 0.00","I","999.9","000000"
"43128599999","2020-01-02","17.2333333","78.4166666","617.0","HYDERABAD INTERNATIONAL AIRPORT, IN","  74.4","24","  69.2","24","9999.9"," 0","999.9"," 0","  3.0","24","  5.0","24","  8.0","999.9","  84.2","*","  68.0","*"," 0.00","I","999.9","000000"
"43128599999","2020-01-03","17.2333333","78.4166666","617.0","HYDERABAD INTERNATIONAL AIRPORT, IN","  72.5","24","  68.6","24","9999.9"," 0","999.9"," 0","  2.5","24","  4.8","24","  8.0","999.9","  82.4","*","  68.0","*","99.99"," ","999.9","010000"
"43128599999","2020-01-04","17.2333333","78.4166666","617.0","HYDERABAD INTERNATIONAL AIRPORT, IN","  72.6","24","  68.8","24","9999.9"," 0","999.9"," 0","  2.2","24","  4.8","24","  8.0","999.9","  84.2","*","  66.2","*"," 0.00","I","999.9","000000"
"43128599999","2020-01-05","17.2333333","78.4166666","617.0","HYDERABAD INTERNATIONAL AIRPORT, IN","  71.4","23","  63.1","23","9999.9"," 0","999.9"," 0","  3.1","23","  6.7","23","  8.0","999.9","  80.6","*","  62.6","*"," 0.00","I","999.9","000000"
"43128599999","2020-01-06","17.2333333","78.4166666","617.0","HYDERABAD INTERNATIONAL AIRPORT, IN","  71.8","24","  67.9","24","9999.9"," 0","999.9"," 0","  3.0","24","  4.9","24","  8.0","999.9","  80.6","*","  62.6","*"," 0.00","I","999.9","000000"
"43128599999","2020-01-07","17.2333333","78.4166666","617.0","HYDERABAD INTERNATIONAL AIRPORT, IN","  73.2","24","  69.5","24","9999.9"," 0","999.9"," 0","  2.8","24","  4.7","24","  8.0","999.9","  82.4","*","  68.0","*"," 0.00","I","999.9","000000"
"43128599999","2020-01-08","17.2333333","78.4166666","617.0","HYDERABAD INTERNATIONAL AIRPORT, IN","  73.5","24","  67.8","24","9999.9"," 0","999.9"," 0","  2.7","24","  5.1","24","  8.0","999.9","  84.2","*","  64.4","*"," 0.00","I","999.9","000000"
"43128599999","2020-01-09","17.2333333","78.4166666","617.0","HYDERABAD INTERNATIONAL AIRPORT, IN","  72.1","24","  67.9","24","9999.9"," 0","999.9"," 0","  2.8","24","  5.1","24","  8.0","999.9","  80.6","*","  64.4","*"," 0.00","I","999.9","000000"
"43128599999","2020-01-10","17.2333333","78.4166666","617.0","HYDERABAD INTERNATIONAL AIRPORT, IN","  70.8","24","  66.1","24","9999.9"," 0","999.9"," 0","  2.3","24","  5.7","24","  8.0","999.9","  82.4","*","  60.8","*"," 0.00","I","999.9","000000"
"43128599999","2020-01-11","17.2333333","78.4166666","617.0","HYDERABAD INTERNATIONAL AIRPORT, IN","  70.0","23","  63.2","23","9999.9"," 0","999.9"," 0","  2.7","23","  5.0","23","  8.0","999.9","  80.6","*","  60.8","*"," 0.00","I","999.9","000000"
"43128599999","2020-01-12","17.2333333","78.4166666","617.0","HYDERABAD INTERNATIONAL AIRPORT, IN","  69.9","24","  57.4","24","9999.9"," 0","999.9"," 0","  3.1","24","  4.3","24","  7.0","999.9","  84.2","*","  55.4","*"," 0.00","I","999.9","000000"
"43128599999","2020-01-13","17.2333333","78.4166666","617.0","HYDERABAD INTERNATIONAL AIRPORT, IN","  71.2","24","  57.4","24","9999.9"," 0","999.9"," 0","  3.5","24","  2.9","24","  6.0","999.9","  86.0","*","  55.4","*"," 0.00","I","999.9","000000"
"43128599999","2020-01-14","17.2333333","78.4166666","617.0","HYDERABAD INTERNATIONAL AIRPORT, IN","  72.6","24","  61.7","24","9999.9"," 0","999.9"," 0","  3.0","24","  4.3","24","  8.0","999.9","  86.0","*","  60.8","*"," 0.00","I","999.9","000000"
"43128599999","2020-01-15","17.2333333","78.4166666","617.0","HYDERABAD INTERNATIONAL AIRPORT, IN","  71.2","24","  61.1","24","9999.9"," 0","999.9"," 0","  3.3","24","  4.9","24","  8.0","999.9","  84.2","*","  60.8","*"," 0.00","I","999.9","000000"
"43128599999","2020-01-16","17.2333333","78.4166666","617.0","HYDERABAD INTERNATIONAL AIRPORT, IN","  72.7","21","  61.6","21","9999.9"," 0","999.9"," 0","  3.2","21","  4.5","21","  7.0","999.9","  86.0","*","  60.8","*"," 0.00","I","999.9","000000"
"43128599999","2020-01-17","17.2333333","78.4166666","617.0","HYDERABAD INTERNATIONAL AIRPORT, IN","  72.6","24","  63.8","24","9999.9"," 0","999.9"," 0","  3.4","24","  4.6","24","  7.0","999.9","  87.8","*","  62.6","*"," 0.00","I","999.9","000000"
"43128599999","2020-01-18","17.2333333","78.4166666","617.0","HYDERABAD INTERNATIONAL AIRPORT, IN","  73.6","24","  66.4","24","9999.9"," 0","999.9"," 0","  3.5","24","  5.2","24","  9.9","999.9","  84.2","*","  66.2","*"," 0.00","I","999.9","000000"
"43128599999","2020-01-19","17.2333333","78.4166666","617.0","HYDERABAD INTERNATIONAL AIRPORT, IN","  74.8","24","  66.0","24","9999.9"," 0","999.9"," 0","  3.5","24","  3.6","24","  7.0","999.9","  86.0","*","  64.4","*"," 0.00","I","999.9","000000"
"43128599999","2020-01-20","17.2333333","78.4166666","617.0","HYDERABAD INTERNATIONAL AIRPORT, IN","  74.2","24","  65.4","24","9999.9"," 0","999.9"," 0","  3.4","24","  4.7","24","  7.0","999.9","  87.8","*","  64.4","*"," 0.00","I","999.9","000000"
"43128599999","2020-01-21","17.2333333","78.4166666","617.0","HYDERABAD INTERNATIONAL AIRPORT, IN","  73.8","24","  63.2","24","9999.9"," 0","999.9"," 0","  3.4","24","  4.3","24","  7.0","999.9","  86.0","*","  64.4","*"," 0.00","I","999.9","000000"
"43128599999","2020-01-22","17.2333333","78.4166666","617.0","HYDERABAD INTERNATIONAL AIRPORT, IN","  72.4","24","  61.5","24","9999.9"," 0","999.9"," 0","  3.3","24","  4.1","24","  7.0","999.9","  86.0","*","  62.6","*"," 0.00","I","999.9","000000"
"43128599999","2020-01-23","17.2333333","78.4166666","617.0","HYDERABAD INTERNATIONAL AIRPORT, IN","  72.3","24","  61.4","24","9999.9"," 0","999.9"," 0","  3.3","24","  3.9","24","  8.0","999.9","  86.0","*","  59.0","*"," 0.00","I","999.9","000000"
"43128599999","2020-01-24","17.2333333","78.4166666","617.0","HYDERABAD INTERNATIONAL AIRPORT, IN","  74.0","24","  60.4","24","9999.9"," 0","999.9"," 0","  3.3","24","  5.2","24","  8.9","999.9","  87.8","*","  57.2","*"," 0.00","I","999.9","000000"
"43128599999","2020-01-25","17.2333333","78.4166666","617.0","HYDERABAD INTERNATIONAL AIRPORT, IN","  75.0","24","  63.8","24","9999.9"," 0","999.9"," 0","  3.4","24","  3.3","24","  5.1","999.9","  86.0","*","  64.4","*"," 0.00","I","999.9","000000"
"43128599999","2020-01-26","17.2333333","78.4166666","617.0","HYDERABAD INTERNATIONAL AIRPORT, IN","  76.5","24","  63.9","24","9999.9"," 0","999.9"," 0","  3.2","24","  3.7","24","  5.1","999.9","  87.8","*","  64.4","*"," 0.00","I","999.9","000000"
"43128599999","2020-01-27","17.2333333","78.4166666","617.0","HYDERABAD INTERNATIONAL AIRPORT, IN","  77.4","24","  61.5","24","9999.9"," 0","999.9"," 0","  3.5","24","  3.7","24","  6.0","999.9","  91.4","*","  64.4","*"," 0.00","I","999.9","000000"
"43128599999","2020-01-28","17.2333333","78.4166666","617.0","HYDERABAD INTERNATIONAL AIRPORT, IN","  76.2","24","  64.3","24","9999.9"," 0","999.9"," 0","  3.4","24","  4.7","24","  9.9","999.9","  89.6","*","  66.2","*"," 0.00","I","999.9","000000"
"43128599999","2020-01-29","17.2333333","78.4166666","617.0","HYDERABAD INTERNATIONAL AIRPORT, IN","  77.5","24","  63.3","24","9999.9"," 0","999.9"," 0","  3.3","24","  5.0","24","  8.0","999.9","  89.6","*","  64.4","*"," 0.00","I","999.9","000000"
"43128599999","2020-01-30","17.2333333","78.4166666","617.0","HYDERABAD INTERNATIONAL AIRPORT, IN","  75.7","24","  64.7","24","9999.9"," 0","999.9"," 0","  3.4","24","  4.0","24","  7.0","999.9","  89.6","*","  64.4","*"," 0.00","I","999.9","000000"
"43128599999","2020-01-31","17.2333333","78.4166666","617.0","HYDERABAD INTERNATIONAL AIRPORT, IN","  74.9","24","  65.9","24","9999.9"," 0","999.9"," 0","  3.0","24","  5.4","24","  9.9","999.9","  87.8","*","  64.4","*"," 0.00","I","999.9","000000"
"43128599999","2020-02-01","17.2333333","78.4166666","617.0","HYDERABAD INTERNATIONAL AIRPORT, IN","  76.0","24","  66.0","24","9999.9"," 0","999.9"," 0","  3.2","24","  4.5","24","  8.0","999.9","  89.6","*","  64.4","*"," 0.00","I","999.9","000000"
"43128599999","2020-02-02","17.2333333","78.4166666","617.0","HYDERABAD INTERNATIONAL AIRPORT, IN","  74.3","24","  66.9","24","9999.9"," 0","999.9"," 0","  3.4","24","  4.6","24","  7.0","999.9","  84.2","*","  62.6","*"," 0.00","I","999.9","000000"
"43128599999","2020-02-03","17.2333333","78.4166666","617.0","HYDERABAD INTERNATIONAL AIRPORT, IN","  74.3","24","  64.6","24","9999.9"," 0","999.9"," 0","  3.1","24","  5.0","24","  8.9","999.9","  87.8","*","  62.6","*"," 0.00","I","999.9","000000"
"43128599999","2020-02-04","17.2333333","78.4166666","617.0","HYDERABAD INTERNATIONAL AIRPORT, IN","  76.7","24","  62.6","24","9999.9"," 0","999.9"," 0","  3.3","24","  3.8","24","  6.0","999.9","  89.6","*","  64.4","*"," 0.00","I","999.9","000000"
"43128599999","2020-02-05","17.2333333","78.4166666","617.0","HYDERABAD INTERNATIONAL AIRPORT, IN","  76.4","24","  62.1","24","9999.9"," 0","999.9"," 0","  3.4","24","  4.5","24","  8.0","999.9","  87.8","*","  64.4","*"," 0.00","I","999.9","000000"
"43128599999","2020-02-06","17.2333333","78.4166666","617.0","HYDERABAD INTERNATIONAL AIRPORT, IN","  76.8","24","  61.4","24","9999.9"," 0","999.9"," 0","  3.5","24","  4.7","24","  8.0","999.9","  91.4","*","  62.6","*"," 0.00","I","999.9","000000"
"43128599999","2020-02-07","17.2333333","78.4166666","617.0","HYDERABAD INTERNATIONAL AIRPORT, IN","  76.3","24","  65.6","24","9999.9"," 0","999.9"," 0","  3.5","24","  5.3","24","  9.9","999.9","  89.6","*","  62.6","*"," 0.00","I","999.9","000000"
"43128599999","2020-02-08","17.2333333","78.4166666","617.0","HYDERABAD INTERNATIONAL AIRPORT, IN","  75.5","24","  67.3","24","9999.9"," 0","999.9"," 0","  3.1","24","  4.4","24","  7.0","999.9","  86.0","*","  64.4","*"," 0.00","I","999.9","000010"
"43128599999","2020-02-09","17.2333333","78.4166666","617.0","HYDERABAD INTERNATIONAL AIRPORT, IN","  68.4","24","  66.5","24","9999.9"," 0","999.9"," 0","  2.0","24","  5.9","24","  9.9","999.9","  73.4","*","  64.4","*"," 0.00","I","999.9","000000"
"43128599999","2020-02-10","17.2333333","78.4166666","617.0","HYDERABAD INTERNATIONAL AIRPORT, IN","  71.1","22","  68.1","22","9999.9"," 0","999.9"," 0","  2.9","22","  5.1","22","  7.0","999.9","  78.8","*","  66.2","*"," 0.00","I","999.9","000000"
"43128599999","2020-02-11","17.2333333","78.4166666","617.0","HYDERABAD INTERNATIONAL AIRPORT, IN","  73.2","24","  66.2","24","9999.9"," 0","999.9"," 0","  2.8","24","  6.1","24","  9.9","999.9","  84.2","*","  66.2","*"," 0.00","I","999.9","000000"
"43128599999","2020-02-12","17.2333333","78.4166666","617.0","HYDERABAD INTERNATIONAL AIRPORT, IN","  72.2","24","  65.6","24","9999.9"," 0","999.9"," 0","  3.0","24","  4.9","24","  7.0","999.9","  82.4","*","  62.6","*"," 0.00","I","999.9","000000"
"43128599999","2020-02-13","17.2333333","78.4166666","617.0","HYDERABAD INTERNATIONAL AIRPORT, IN","  73.6","24","  56.5","24","9999.9"," 0","999.9"," 0","  3.2","24","  4.5","24","  8.0","999.9","  86.0","*","  60.8","*"," 0.00","I","999.9","000000"
"43128599999","2020-02-14","17.2333333","78.4166666","617.0","HYDERABAD INTERNATIONAL AIRPORT, IN","  75.0","24","  51.9","24","9999.9"," 0","999.9"," 0","  3.5","24","  3.8","24","  8.0","999.9","  89.6","*","  59.0","*"," 0.00","I","999.9","000000"
"43128599999","2020-02-15","17.2333333","78.4166666","617.0","HYDERABAD INTERNATIONAL AIRPORT, IN","  77.0","24","  53.5","24","9999.9"," 0","999.9"," 0","  3.7","24","  4.8","24","  8.0","999.9","  89.6","*","  57.2","*"," 0.00","I","999.9","000000"
"43128599999","2020-02-16","17.2333333","78.4166666","617.0","HYDERABAD INTERNATIONAL AIRPORT, IN","  77.4","24","  57.9","24","9999.9"," 0","999.9"," 0","  3.7","24","  4.5","24","  8.0","999.9","  89.6","*","  62.6","*"," 0.00","I","999.9","000000"
"43128599999","2020-02-17","17.2333333","78.4166666","617.0","HYDERABAD INTERNATIONAL AIRPORT, IN","  76.1","24","  58.9","24","9999.9"," 0","999.9"," 0","  3.5","24","  4.4","24","  8.0","999.9","  89.6","*","  59.0","*"," 0.00","I","999.9","000000"
"43128599999","2020-02-18","17.2333333","78.4166666","617.0","HYDERABAD INTERNATIONAL AIRPORT, IN","  76.6","24","  51.4","24","9999.9"," 0","999.9"," 0","  3.6","24","  5.1","24","  8.0","999.9","  89.6","*","  64.4","*"," 0.00","I","999.9","000000"
"43128599999","2020-02-19","17.2333333","78.4166666","617.0","HYDERABAD INTERNATIONAL AIRPORT, IN","  76.6","24","  60.9","24","9999.9"," 0","999.9"," 0","  3.8","24","  4.8","24","  8.0","999.9","  89.6","*","  62.6","*"," 0.00","I","999.9","000000"
"43128599999","2020-02-20","17.2333333","78.4166666","617.0","HYDERABAD INTERNATIONAL AIRPORT, IN","  75.5","24","  64.0","24","9999.9"," 0","999.9"," 0","  3.4","24","  5.5","24","  7.0","999.9","  89.6","*","  64.4","*"," 0.00","I","999.9","000000"
"43128599999","2020-02-21","17.2333333","78.4166666","617.0","HYDERABAD INTERNATIONAL AIRPORT, IN","  73.8","24","  59.1","24","9999.9"," 0","999.9"," 0","  3.5","24","  4.2","24","  8.0","999.9","  87.8","*","  62.6","*"," 0.00","I","999.9","000000"
"43128599999","2020-02-22","17.2333333","78.4166666","617.0","HYDERABAD INTERNATIONAL AIRPORT, IN","  74.5","24","  56.4","24","9999.9"," 0","999.9"," 0","  3.5","24","  5.4","24","  8.0","999.9","  89.6","*","  60.8","*"," 0.00","I","999.9","000000"
"43128599999","2020-02-23","17.2333333","78.4166666","617.0","HYDERABAD INTERNATIONAL AIRPORT, IN","  75.3","24","  57.8","24","9999.9"," 0","999.9"," 0","  3.6","24","  5.1","24","  8.9","999.9","  89.6","*","  57.2","*"," 0.00","I","999.9","000000"
"43128599999","2020-02-24","17.2333333","78.4166666","617.0","HYDERABAD INTERNATIONAL AIRPORT, IN","  77.5","24","  57.0","24","9999.9"," 0","999.9"," 0","  3.7","24","  3.2","24","  7.0","999.9","  93.2","*","  60.8","*"," 0.00","I","999.9","000000"
"43128599999","2020-02-25","17.2333333","78.4166666","617.0","HYDERABAD INTERNATIONAL AIRPORT, IN","  78.0","24","  65.1","24","9999.9"," 0","999.9"," 0","  3.7","24","  4.9","24","  7.0","999.9","  87.8","*","  68.0","*"," 0.00","I","999.9","000000"
"43128599999","2020-02-26","17.2333333","78.4166666","617.0","HYDERABAD INTERNATIONAL AIRPORT, IN","  76.8","24","  61.5","24","9999.9"," 0","999.9"," 0","  3.5","24","  6.3","24","  9.9","999.9","  86.0","*","  66.2","*"," 0.00","I","999.9","000000"
"43128599999","2020-02-27","17.2333333","78.4166666","617.0","HYDERABAD INTERNATIONAL AIRPORT, IN","  76.5","24","  52.0","24","9999.9"," 0","999.9"," 0","  3.7","24","  5.5","24","  8.0","999.9","  87.8","*","  64.4","*"," 0.00","I","999.9","000000"
"43128599999","2020-02-28","17.2333333","78.4166666","617.0","HYDERABAD INTERNATIONAL AIRPORT, IN","  75.9","24","  63.1","24","9999.9"," 0","999.9"," 0","  3.5","24","  4.9","24","  7.0","999.9","  87.8","*","  62.6","*"," 0.00","I","999.9","000000"
"43128599999","2020-02-29","17.2333333","78.4166666","617.0","HYDERABAD INTERNATIONAL AIRPORT, IN","  77.5","24","  65.4","24","9999.9"," 0","999.9"," 0","  3.5","24","  5.2","24","  7.0","999.9","  89.6","*","  68.0","*"," 0.00","I","999.9","000000"
"43128599999","2020-03-01","17.2333333","78.4166666","617.0","HYDERABAD INTERNATIONAL AIRPORT, IN","  77.5","24","  62.5","24","9999.9"," 0","999.9"," 0","  3.2","24","  4.9","24","  8.9","999.9","  89.6","*","  64.4","*","99.99"," ","999.9","010000"
"43128599999","2020-03-02","17.2333333","78.4166666","617.0","HYDERABAD INTERNATIONAL AIRPORT, IN","  78.9","24","  63.3","24","9999.9"," 0","999.9"," 0","  3.3","24","  4.4","24","  7.0","999.9","  89.6","*","  68.0","*"," 0.00","I","999.9","000000"
"43128599999","2020-03-03","17.2333333","78.4166666","617.0","HYDERABAD INTERNATIONAL AIRPORT, IN","  80.0","24","  66.4","24","9999.9"," 0","999.9"," 0","  3.6","24","  4.0","24","  8.0","999.9","  93.2","*","  66.2","*"," 0.00","I","999.9","000000"
"43128599999","2020-03-04","17.2333333","78.4166666","617.0","HYDERABAD INTERNATIONAL AIRPORT, IN","  81.7","24","  60.4","24","9999.9"," 0","999.9"," 0","  3.6","24","  4.9","24","  8.9","999.9","  93.2","*","  69.8","*"," 0.00","I","999.9","000000"
"43128599999","2020-03-05","17.2333333","78.4166666","617.0","HYDERABAD INTERNATIONAL AIRPORT, IN","  80.5","24","  61.3","24","9999.9"," 0","999.9"," 0","  3.5","24","  4.3","24","  7.0","999.9","  93.2","*","  68.0","*"," 0.00","I","999.9","000000"
"43128599999","2020-03-06","17.2333333","78.4166666","617.0","HYDERABAD INTERNATIONAL AIRPORT, IN","  79.8","24","  67.8","24","9999.9"," 0","999.9"," 0","  2.8","24","  4.5","24","  6.0","999.9","  91.4","*","  69.8","*"," 0.00","I","999.9","000000"
"43128599999","2020-03-07","17.2333333","78.4166666","617.0","HYDERABAD INTERNATIONAL AIRPORT, IN","  79.0","24","  72.2","24","9999.9"," 0","999.9"," 0","  3.1","24","  4.4","24","  7.0","999.9","  89.6","*","  71.6","*"," 0.00","I","999.9","000000"
"43128599999","2020-03-08","17.2333333","78.4166666","617.0","HYDERABAD INTERNATIONAL AIRPORT, IN","  78.3","24","  71.5","24","9999.9"," 0","999.9"," 0","  3.2","24","  5.5","24","  9.9","999.9","  89.6","*","  69.8","*"," 0.00","I","999.9","000000"
"43128599999","2020-03-09","17.2333333","78.4166666","617.0","HYDERABAD INTERNATIONAL AIRPORT, IN","  77.5","24","  71.4","24","9999.9"," 0","999.9"," 0","  3.0","24","  5.3","24","  9.9","999.9","  86.0","*","  69.8","*","99.99"," ","999.9","010000"
"43128599999","2020-03-10","17.2333333","78.4166666","617.0","HYDERABAD INTERNATIONAL AIRPORT, IN","  81.3","24","  70.9","24","9999.9"," 0","999.9"," 0","  3.5","24","  4.7","24","  6.0","999.9","  93.2","*","  69.8","*"," 0.00","I","999.9","000000"
"43128599999","2020-03-11","17.2333333","78.4166666","617.0","HYDERABAD INTERNATIONAL AIRPORT, IN","  78.7","20","  71.5","20","9999.9"," 0","999.9"," 0","  3.4","20","  3.4","20","  7.0","999.9","  91.4","*","  69.8","*"," 0.00","I","999.9","000000"
"43128599999","2020-03-12","17.2333333","78.4166666","617.0","HYDERABAD INTERNATIONAL AIRPORT, IN","  80.9","24","  70.8","24","9999.9"," 0","999.9"," 0","  3.5","24","  4.8","24","  8.9","999.9","  91.4","*","  69.8","*"," 0.00","I","999.9","000000"
"43128599999","2020-03-13","17.2333333","78.4166666","617.0","HYDERABAD INTERNATIONAL AIRPORT, IN","  80.4","22","  67.7","22","9999.9"," 0","999.9"," 0","  3.5","22","  4.9","22","  7.0","999.9","  95.0","*","  69.8","*"," 0.00","I","999.9","000000"
"43128599999","2020-03-14","17.2333333","78.4166666","617.0","HYDERABAD INTERNATIONAL AIRPORT, IN","  77.5","18","  69.0","18","9999.9"," 0","999.9"," 0","  3.1","18","  4.5","18","  8.0","999.9","  89.6","*","  68.0","*"," 0.00","I","999.9","000000"
"43128599999","2020-03-15","17.2333333","78.4166666","617.0","HYDERABAD INTERNATIONAL AIRPORT, IN","  79.9","24","  64.7","24","9999.9"," 0","999.9"," 0","  3.7","24","  5.7","24","  9.9","999.9","  91.4","*","  66.2","*"," 0.00","I","999.9","000000"
"43128599999","2020-03-16","17.2333333","78.4166666","617.0","HYDERABAD INTERNATIONAL AIRPORT, IN","  80.7","24","  67.5","24","9999.9"," 0","999.9"," 0","  3.4","24","  5.5","24","  7.0","999.9","  93.2","*","  68.0","*"," 0.00","I","999.9","000000"
"43128599999","2020-03-17","17.2333333","78.4166666","617.0","HYDERABAD INTERNATIONAL AIRPORT, IN","  83.0","24","  61.8","24","9999.9"," 0","999.9"," 0","  3.6","24","  5.9","24","  9.9","999.9","  95.0","*","  66.2","*"," 0.00","I","999.9","000000"
"43128599999","2020-03-18","17.2333333","78.4166666","617.0","HYDERABAD INTERNATIONAL AIRPORT, IN","  83.5","24","  61.4","24","9999.9"," 0","999.9"," 0","  3.7","24","  4.6","24","  8.0","999.9","  95.0","*","  66.2","*"," 0.00","I","999.9","000000"
"43128599999","2020-03-19","17.2333333","78.4166666","617.0","HYDERABAD INTERNATIONAL AIRPORT, IN","  81.6","24","  66.7","24","9999.9"," 0","999.9"," 0","  3.4","24","  4.7","24","  8.9","999.9","  96.8","*","  71.6","*"," 0.00","I","999.9","000010"
"43128599999","2020-03-20","17.2333333","78.4166666","617.0","HYDERABAD INTERNATIONAL AIRPORT, IN","  80.7","24","  65.4","24","9999.9"," 0","999.9"," 0","  3.6","24","  5.4","24","  8.9","999.9","  98.6","*","  68.0","*"," 0.00","I","999.9","000000"
"43128599999","2020-03-21","17.2333333","78.4166666","617.0","HYDERABAD INTERNATIONAL AIRPORT, IN","  81.6","24","  64.5","24","9999.9"," 0","999.9"," 0","  3.4","24","  3.7","24","  8.0","999.9","  95.0","*","  68.0","*"," 0.00","I","999.9","000000"
"43128599999","2020-03-22","17.2333333","78.4166666","617.0","HYDERABAD INTERNATIONAL AIRPORT, IN","  81.7","24","  64.9","24","9999.9"," 0","999.9"," 0","  3.4","24","  4.3","24","  8.0","999.9","  95.0","*","  68.0","*"," 0.00","I","999.9","000000"
"43128599999","2020-03-23","17.2333333","78.4166666","617.0","HYDERABAD INTERNATIONAL AIRPORT, IN","  82.2","24","  68.7","24","9999.9"," 0","999.9"," 0","  3.5","24","  5.1","24","  7.0","999.9","  93.2","*","  71.6","*"," 0.00","I","999.9","000000"
"43128599999","2020-03-24","17.2333333","78.4166666","617.0","HYDERABAD INTERNATIONAL AIRPORT, IN","  83.0","23","  66.0","23","9999.9"," 0","999.9"," 0","  3.6","23","  5.7","23","  8.9","999.9","  95.0","*","  69.8","*"," 0.00","I","999.9","000000"
"43128599999","2020-03-25","17.2333333","78.4166666","617.0","HYDERABAD INTERNATIONAL AIRPORT, IN","  85.9","17","  63.8","17","9999.9"," 0","999.9"," 0","  3.7","17","  4.9","17","  6.0","999.9","  95.0","*","  71.6","*"," 0.00","I","999.9","000000"
"43128599999","2020-03-26","17.2333333","78.4166666","617.0","HYDERABAD INTERNATIONAL AIRPORT, IN","  82.8","24","  65.1","24","9999.9"," 0","999.9"," 0","  3.7","24","  4.8","24","  7.0","999.9","  95.0","*","  71.6","*"," 0.00","I","999.9","000000"
"43128599999","2020-03-27","17.2333333","78.4166666","617.0","HYDERABAD INTERNATIONAL AIRPORT, IN","  84.8","24","  61.2","24","9999.9"," 0","999.9"," 0","  3.7","24","  5.0","24","  8.0","999.9","  96.8","*","  71.6","*"," 0.00","I","999.9","000000"
"43128599999","2020-03-28","17.2333333","78.4166666","617.0","HYDERABAD INTERNATIONAL AIRPORT, IN","  87.0","20","  60.1","20","9999.9"," 0","999.9"," 0","  3.7","20","  5.3","20","  8.0","999.9","  96.8","*","  73.4","*"," 0.00","I","999.9","000000"
"43128599999","2020-03-29","17.2333333","78.4166666","617.0","HYDERABAD INTERNATIONAL AIRPORT, IN","  87.1","22","  61.1","22","9999.9"," 0","999.9"," 0","  3.7","22","  4.7","22","  5.1","999.9","  98.6","*","  75.2","*"," 0.00","I","999.9","000000"
"43128599999","2020-03-30","17.2333333","78.4166666","617.0","HYDERABAD INTERNATIONAL AIRPORT, IN","  84.6","24","  63.2","24","9999.9"," 0","999.9"," 0","  3.7","24","  4.6","24","  5.1","999.9","  95.0","*","  73.4","*"," 0.00","I","999.9","000000"
"43128599999","2020-03-31","17.2333333","78.4166666","617.0","HYDERABAD INTERNATIONAL AIRPORT, IN","  88.0","18","  66.3","18","9999.9"," 0","999.9"," 0","  3.7","18","  4.5","18","  6.0","999.9","  96.8","*","  75.2","*"," 0.00","I","999.9","000000"
"43128599999","2020-04-01","17.2333333","78.4166666","617.0","HYDERABAD INTERNATIONAL AIRPORT, IN","  87.6","22","  63.2","22","9999.9"," 0","999.9"," 0","  3.7","22","  4.8","22","  5.1","999.9","  96.8","*","  75.2","*"," 0.00","I","999.9","000000"
"43128599999","2020-04-02","17.2333333","78.4166666","617.0","HYDERABAD INTERNATIONAL AIRPORT, IN","  90.1","19","  65.0","19","9999.9"," 0","999.9"," 0","  3.7","19","  4.8","19","  6.0","999.9","  98.6","*","  77.0","*"," 0.00","I","999.9","000000"
"43128599999","2020-04-03","17.2333333","78.4166666","617.0","HYDERABAD INTERNATIONAL AIRPORT, IN","  85.2","21","  65.4","21","9999.9"," 0","999.9"," 0","  3.7","21","  5.1","21","  6.0","999.9","  95.0","*","  77.0","*"," 0.00","I","999.9","000000"
"43128599999","2020-04-04","17.2333333","78.4166666","617.0","HYDERABAD INTERNATIONAL AIRPORT, IN","  83.1","22","  63.4","22","9999.9"," 0","999.9"," 0","  3.4","22","  4.7","22","  6.0","999.9","  91.4","*","  77.0","*"," 0.00","I","999.9","000000"
"43128599999","2020-04-05","17.2333333","78.4166666","617.0","HYDERABAD INTERNATIONAL AIRPORT, IN","  85.4","12","  67.1","12","9999.9"," 0","999.9"," 0","  3.6","12","  4.8","12","  6.0","999.9","  95.0","*","  73.4","*"," 0.00","I","999.9","000000"
"43128599999","2020-04-06","17.2333333","78.4166666","617.0","HYDERABAD INTERNATIONAL AIRPORT, IN","  83.7","17","  68.8","17","9999.9"," 0","999.9"," 0","  3.3","17","  4.6","17","  7.0","999.9","  93.2","*","  75.2","*","99.99"," ","999.9","010000"
"43128599999","2020-04-07","17.2333333","78.4166666","617.0","HYDERABAD INTERNATIONAL AIRPORT, IN","  83.3","19","  68.3","19","9999.9"," 0","999.9"," 0","  3.2","19","  4.9","19"," 14.0","999.9","  96.8","*","  77.0","*","99.99"," ","999.9","010010"
"43128599999","2020-04-08","17.2333333","78.4166666","617.0","HYDERABAD INTERNATIONAL AIRPORT, IN","  84.6","19","  67.5","19","9999.9"," 0","999.9"," 0","  3.5","19","  4.4","19","  6.0","999.9","  96.8","*","  73.4","*"," 0.00","I","999.9","000010"
"43128599999","2020-04-09","17.2333333","78.4166666","617.0","HYDERABAD INTERNATIONAL AIRPORT, IN","  79.9","24","  71.5","24","9999.9"," 0","999.9"," 0","  3.5","24","  5.1","24","  9.9","999.9","  93.2","*","  69.8","*"," 0.00","I","999.9","000000"
"43128599999","2020-04-10","17.2333333","78.4166666","617.0","HYDERABAD INTERNATIONAL AIRPORT, IN","  84.5","17","  65.6","17","9999.9"," 0","999.9"," 0","  3.7","17","  4.1","17","  5.1","999.9","  95.0","*","  69.8","*"," 0.00","I","999.9","000000"
"43128599999","2020-04-11","17.2333333","78.4166666","617.0","HYDERABAD INTERNATIONAL AIRPORT, IN","  85.3","21","  62.9","21","9999.9"," 0","999.9"," 0","  3.7","21","  4.9","21","  7.0","999.9","  96.8","*","  73.4","*"," 0.00","I","999.9","000000"
"43128599999","2020-04-12","17.2333333","78.4166666","617.0","HYDERABAD INTERNATIONAL AIRPORT, IN","  88.3","20","  64.2","20","9999.9"," 0","999.9"," 0","  3.7","20","  4.7","20","  7.0","999.9","  98.6","*","  75.2","*"," 0.00","I","999.9","000000"
"43128599999","2020-04-13","17.2333333","78.4166666","617.0","HYDERABAD INTERNATIONAL AIRPORT, IN","  88.3","14","  57.7","14","9999.9"," 0","999.9"," 0","  3.7","14","  4.5","14","  6.0","999.9","  96.8","*","  77.0","*"," 0.00","I","999.9","000000"
"43128599999","2020-04-14","17.2333333","78.4166666","617.0","HYDERABAD INTERNATIONAL AIRPORT, IN","  89.4","18","  54.0","18","9999.9"," 0","999.9"," 0","  3.7","18","  4.4","18","  5.1","999.9","  98.6","*","  80.6","*"," 0.00","I","999.9","000000"
"43128599999","2020-04-15","17.2333333","78.4166666","617.0","HYDERABAD INTERNATIONAL AIRPORT, IN","  90.4","19","  55.4","19","9999.9"," 0","999.9"," 0","  3.7","19","  3.6","19","  5.1","999.9"," 100.4","*","  78.8","*"," 0.00","I","999.9","000000"
"43128599999","2020-04-16","17.2333333","78.4166666","617.0","HYDERABAD INTERNATIONAL AIRPORT, IN","  90.7","17","  61.6","17","9999.9"," 0","999.9"," 0","  3.7","17","  3.4","17","  5.1","999.9"," 100.4","*","  77.0","*"," 0.00","I","999.9","000000"
"43128599999","2020-04-17","17.2333333","78.4166666","617.0","HYDERABAD INTERNATIONAL AIRPORT, IN","  88.4","21","  64.3","21","9999.9"," 0","999.9"," 0","  3.5","21","  3.6","21","  8.0","999.9"," 100.4","*","  75.2","*","99.99"," ","999.9","010010"
"43128599999","2020-04-18","17.2333333","78.4166666","617.0","HYDERABAD INTERNATIONAL AIRPORT, IN","  84.8","16","  70.5","16","9999.9"," 0","999.9"," 0","  3.5","16","  4.7","16","  6.0","999.9","  95.0","*","  77.0","*"," 0.00","I","999.9","000000"
"43128599999","2020-04-19","17.2333333","78.4166666","617.0","HYDERABAD INTERNATIONAL AIRPORT, IN","  87.0","18","  69.2","18","9999.9"," 0","999.9"," 0","  3.7","18","  4.9","18","  8.9","999.9","  95.0","*","  78.8","*"," 0.00","I","999.9","000000"
"43128599999","2020-04-20","17.2333333","78.4166666","617.0","HYDERABAD INTERNATIONAL AIRPORT, IN","  86.2","17","  67.8","17","9999.9"," 0","999.9"," 0","  3.6","17","  5.1","17","  9.9"," 22.0","  96.8","*","  75.2","*","99.99"," ","999.9","010010"
"43128599999","2020-04-21","17.2333333","78.4166666","617.0","HYDERABAD INTERNATIONAL AIRPORT, IN","  89.6","17","  66.9","17","9999.9"," 0","999.9"," 0","  3.7","17","  4.2","17","  5.1","999.9"," 100.4","*","  77.0","*"," 0.00","I","999.9","000000"
"43128599999","2020-04-22","17.2333333","78.4166666","617.0","HYDERABAD INTERNATIONAL AIRPORT, IN","  91.2","17","  67.4","17","9999.9"," 0","999.9"," 0","  3.7","17","  4.9","17","  6.0","999.9"," 100.4","*","  82.4","*"," 0.00","I","999.9","000010"
"43128599999","2020-04-23","17.2333333","78.4166666","617.0","HYDERABAD INTERNATIONAL AIRPORT, IN","  90.9","20","  69.8","20","9999.9"," 0","999.9"," 0","  3.7","20","  5.0","20","  7.0","999.9"," 102.2","*","  77.0","*"," 0.00","I","999.9","000000"
"43128599999","2020-04-24","17.2333333","78.4166666","617.0","HYDERABAD INTERNATIONAL AIRPORT, IN","  87.8","16","  72.2","16","9999.9"," 0","999.9"," 0","  3.7","16","  4.8","16","  6.0","999.9"," 102.2","*","  78.8","*"," 0.00","I","999.9","000000"
"43128599999","2020-04-25","17.2333333","78.4166666","617.0","HYDERABAD INTERNATIONAL AIRPORT, IN","  92.6","20","  67.2","20","9999.9"," 0","999.9"," 0","  3.7","20","  4.9","20","  6.0","999.9"," 102.2","*","  80.6","*"," 0.00","I","999.9","000000"
"43128599999","2020-04-26","17.2333333","78.4166666","617.0","HYDERABAD INTERNATIONAL AIRPORT, IN","  88.6","19","  71.7","19","9999.9"," 0","999.9"," 0","  3.5","19","  4.5","19","  7.0","999.9","  98.6","*","  80.6","*"," 0.00","I","999.9","000010"
"43128599999","2020-04-27","17.2333333","78.4166666","617.0","HYDERABAD INTERNATIONAL AIRPORT, IN","  86.3","12","  71.0","12","9999.9"," 0","999.9"," 0","  3.6","12","  4.5","12","  6.0","999.9"," 102.2","*","  75.2","*"," 0.00","I","999.9","000000"
"43128599999","2020-04-28","17.2333333","78.4166666","617.0","HYDERABAD INTERNATIONAL AIRPORT, IN","  82.5","13","  72.8","13","9999.9"," 0","999.9"," 0","  3.2","13","  6.6","13"," 15.0"," 22.0","  95.0","*","  73.4","*","99.99"," ","999.9","010010"
"43128599999","2020-04-29","17.2333333","78.4166666","617.0","HYDERABAD INTERNATIONAL AIRPORT, IN","  86.6","22","  69.4","22","9999.9"," 0","999.9"," 0","  3.7","22","  4.6","22","  5.1","999.9","  96.8","*","  75.2","*"," 0.00","I","999.9","000000"
"43128599999","2020-04-30","17.2333333","78.4166666","617.0","HYDERABAD INTERNATIONAL AIRPORT, IN","  88.6","23","  68.0","23","9999.9"," 0","999.9"," 0","  3.7","23","  4.8","23","  6.0","999.9"," 100.4","*","  78.8","*"," 0.00","I","999.9","000000"
"43128599999","2020-05-01","17.2333333","78.4166666","617.0","HYDERABAD INTERNATIONAL AIRPORT, IN","  83.0","20","  70.9","20","9999.9"," 0","999.9"," 0","  3.2","20","  5.1","20"," 12.0","999.9","  96.8","*","  73.4","*","99.99"," ","999.9","010010"
"43128599999","2020-05-02","17.2333333","78.4166666","617.0","HYDERABAD INTERNATIONAL AIRPORT, IN","  86.1","19","  73.1","19","9999.9"," 0","999.9"," 0","  3.6","19","  4.3","19","  5.1","999.9","  95.0","*","  77.0","*"," 0.00","I","999.9","000000"
"43128599999","2020-05-03","17.2333333","78.4166666","617.0","HYDERABAD INTERNATIONAL AIRPORT, IN","  91.7","19","  67.9","19","9999.9"," 0","999.9"," 0","  3.7","19","  4.8","19","  6.0","999.9"," 104.0","*","  78.8","*"," 0.00","I","999.9","000000"
"43128599999","2020-05-04","17.2333333","78.4166666","617.0","HYDERABAD INTERNATIONAL AIRPORT, IN","  88.8","22","  70.8","22","9999.9"," 0","999.9"," 0","  3.6","22","  4.8","22"," 15.9","999.9"," 102.2","*","  78.8","*"," 0.00","I","999.9","000000"
"43128599999","2020-05-05","17.2333333","78.4166666","617.0","HYDERABAD INTERNATIONAL AIRPORT, IN","  89.5","22","  72.1","22","9999.9"," 0","999.9"," 0","  3.6","22","  4.4","22","  6.0","999.9"," 102.2","*","  78.8","*"," 0.00","I","999.9","000010"
"43128599999","2020-05-06","17.2333333","78.4166666","617.0","HYDERABAD INTERNATIONAL AIRPORT, IN","  86.2","19","  75.1","19","9999.9"," 0","999.9"," 0","  3.3","19","  5.0","19"," 12.0","999.9"," 100.4","*","  78.8","*","99.99"," ","999.9","010010"
"43128599999","2020-05-07","17.2333333","78.4166666","617.0","HYDERABAD INTERNATIONAL AIRPORT, IN","  86.9","21","  76.1","21","9999.9"," 0","999.9"," 0","  3.3","21","  4.4","21","  5.1","999.9","  95.0","*","  78.8","*","99.99"," ","999.9","010000"
"43128599999","2020-05-08","17.2333333","78.4166666","617.0","HYDERABAD INTERNATIONAL AIRPORT, IN","  90.3","15","  73.8","15","9999.9"," 0","999.9"," 0","  3.6","15","  4.4","15","  8.0","999.9","  96.8","*","  80.6","*"," 0.00","I","999.9","000000"
"43128599999","2020-05-09","17.2333333","78.4166666","617.0","HYDERABAD INTERNATIONAL AIRPORT, IN","  87.1","19","  73.0","19","9999.9"," 0","999.9"," 0","  3.4","19","  4.8","19","  8.0"," 18.1"," 100.4","*","  73.4","*","99.99"," ","999.9","010010"
"43128599999","2020-05-10","17.2333333","78.4166666","617.0","HYDERABAD INTERNATIONAL AIRPORT, IN","  83.7","24","  72.4","24","9999.9"," 0","999.9"," 0","  3.5","24","  5.0","24","  8.0","999.9","  89.6","*","  77.0","*"," 0.00","I","999.9","000000"
"43128599999","2020-05-11","17.2333333","78.4166666","617.0","HYDERABAD INTERNATIONAL AIRPORT, IN","  85.7","24","  69.1","24","9999.9"," 0","999.9"," 0","  3.7","24","  4.4","24","  6.0","999.9","  96.8","*","  75.2","*"," 0.00","I","999.9","000000"
"43128599999","2020-05-12","17.2333333","78.4166666","617.0","HYDERABAD INTERNATIONAL AIRPORT, IN","  86.9","24","  70.5","24","9999.9"," 0","999.9"," 0","  3.7","24","  4.4","24","  6.0","999.9","  96.8","*","  77.0","*"," 0.00","I","999.9","000000"
"43128599999","2020-05-13","17.2333333","78.4166666","617.0","HYDERABAD INTERNATIONAL AIRPORT, IN","  86.5","17","  71.5","17","9999.9"," 0","999.9"," 0","  3.7","17","  4.2","17","  5.1","999.9","  96.8","*","  77.0","*"," 0.00","I","999.9","000000"
"43128599999","2020-05-14","17.2333333","78.4166666","617.0","HYDERABAD INTERNATIONAL AIRPORT, IN","  90.2","21","  72.1","21","9999.9"," 0","999.9"," 0","  3.7","21","  5.1","21","  8.0","999.9","  98.6","*","  78.8","*"," 0.00","I","999.9","000000"
"43128599999","2020-05-15","17.2333333","78.4166666","617.0","HYDERABAD INTERNATIONAL AIRPORT, IN","  91.4","19","  66.8","19","9999.9"," 0","999.9"," 0","  3.7","19","  4.7","19","  6.0","999.9","  98.6","*","  82.4","*"," 0.00","I","999.9","000000"
"43128599999","2020-05-16","17.2333333","78.4166666","617.0","HYDERABAD INTERNATIONAL AIRPORT, IN","  85.2","20","  72.4","20","9999.9"," 0","999.9"," 0","  3.4","20","  4.3","20","  8.9","999.9","  98.6","*","  78.8","*","99.99"," ","999.9","010010"
"43128599999","2020-05-17","17.2333333","78.4166666","617.0","HYDERABAD INTERNATIONAL AIRPORT, IN","  87.0","21","  70.4","21","9999.9"," 0","999.9"," 0","  3.5","21","  4.2","21","  7.0","999.9","  96.8","*","  78.8","*"," 0.00","I","999.9","000000"
"43128599999","2020-05-18","17.2333333","78.4166666","617.0","HYDERABAD INTERNATIONAL AIRPORT, IN","  91.9","20","  68.1","20","9999.9"," 0","999.9"," 0","  3.6","20","  5.2","20","  8.9","999.9"," 100.4","*","  80.6","*"," 0.00","I","999.9","000000"
"43128599999","2020-05-19","17.2333333","78.4166666","617.0","HYDERABAD INTERNATIONAL AIRPORT, IN","  93.6","18","  61.1","18","9999.9"," 0","999.9"," 0","  3.2","18","  5.6","18","  9.9","999.9"," 100.4","*","  84.2","*"," 0.00","I","999.9","000000"
"43128599999","2020-05-20","17.2333333","78.4166666","617.0","HYDERABAD INTERNATIONAL AIRPORT, IN","  95.3","18","  55.5","18","9999.9"," 0","999.9"," 0","  3.7","18","  6.2","18","  8.9","999.9"," 104.0","*","  86.0","*"," 0.00","I","999.9","000000"
"43128599999","2020-05-21","17.2333333","78.4166666","617.0","HYDERABAD INTERNATIONAL AIRPORT, IN","  91.6","15","  56.5","15","9999.9"," 0","999.9"," 0","  3.7","15","  6.2","15","  8.9","999.9"," 104.0","*","  82.4","*"," 0.00","I","999.9","000000"
"43128599999","2020-05-22","17.2333333","78.4166666","617.0","HYDERABAD INTERNATIONAL AIRPORT, IN","  95.9","20","  53.4","20","9999.9"," 0","999.9"," 0","  3.7","20","  5.5","20","  8.0","999.9"," 105.8","*","  78.8","*"," 0.00","I","999.9","000000"
"43128599999","2020-05-23","17.2333333","78.4166666","617.0","HYDERABAD INTERNATIONAL AIRPORT, IN","  96.2","19","  55.5","19","9999.9"," 0","999.9"," 0","  3.7","19","  3.5","19","  5.1","999.9"," 107.6","*","  82.4","*"," 0.00","I","999.9","000000"
"43128599999","2020-05-24","17.2333333","78.4166666","617.0","HYDERABAD INTERNATIONAL AIRPORT, IN","  94.7","24","  68.8","24","9999.9"," 0","999.9"," 0","  3.7","24","  4.0","24","  5.1","999.9"," 105.8","*","  82.4","*"," 0.00","I","999.9","000000"
"43128599999","2020-05-25","17.2333333","78.4166666","617.0","HYDERABAD INTERNATIONAL AIRPORT, IN","  92.3","23","  75.4","23","9999.9"," 0","999.9"," 0","  3.5","23","  4.3","23","  9.9"," 18.1"," 105.8","*","  82.4","*","99.99"," ","999.9","010010"
"43128599999","2020-05-26","17.2333333","78.4166666","617.0","HYDERABAD INTERNATIONAL AIRPORT, IN","  91.6","24","  73.5","24","9999.9"," 0","999.9"," 0","  3.6","24","  3.6","24","  8.9","999.9"," 104.0","*","  82.4","*"," 0.00","I","999.9","000000"
"43128599999","2020-05-27","17.2333333","78.4166666","617.0","HYDERABAD INTERNATIONAL AIRPORT, IN","  94.6","24","  69.1","24","9999.9"," 0","999.9"," 0","  3.7","24","  4.7","24","  7.0","999.9"," 105.8","*","  84.2","*"," 0.00","I","999.9","000000"
"43128599999","2020-05-28","17.2333333","78.4166666","617.0","HYDERABAD INTERNATIONAL AIRPORT, IN","  95.9","24","  63.3","24","9999.9"," 0","999.9"," 0","  3.7","24","  4.9","24","  9.9","999.9"," 107.6","*","  86.0","*"," 0.00","I","999.9","000000"
"43128599999","2020-05-29","17.2333333","78.4166666","617.0","HYDERABAD INTERNATIONAL AIRPORT, IN","  93.7","24","  65.8","24","9999.9"," 0","999.9"," 0","  3.7","24","  4.5","24","  8.0","999.9"," 105.8","*","  82.4","*"," 0.00","I","999.9","000000"
"43128599999","2020-05-30","17.2333333","78.4166666","617.0","HYDERABAD INTERNATIONAL AIRPORT, IN","  89.1","24","  70.9","24","9999.9"," 0","999.9"," 0","  3.7","24","  4.6","24","  8.0","999.9","  98.6","*","  80.6","*"," 0.00","I","999.9","000000"
"43128599999","2020-05-31","17.2333333","78.4166666","617.0","HYDERABAD INTERNATIONAL AIRPORT, IN","  81.0","24","  74.1","24","9999.9"," 0","999.9"," 0","  3.2","24","  5.3","24","  9.9","999.9","  96.8","*","  69.8","*","99.99"," ","999.9","010010"
"43128599999","2020-06-01","17.2333333","78.4166666","617.0","HYDERABAD INTERNATIONAL AIRPORT, IN","  82.5","24","  74.2","24","9999.9"," 0","999.9"," 0","  3.1","24","  4.7","24","  8.0","999.9","  91.4","*","  73.4","*","99.99"," ","999.9","010010"
"43128599999","2020-06-02","17.2333333","78.4166666","617.0","HYDERABAD INTERNATIONAL AIRPORT, IN","  82.6","24","  75.0","24","9999.9"," 0","999.9"," 0","  3.5","24","  3.5","24","  6.0","999.9","  93.2","*","  73.4","*","99.99"," ","999.9","010010"
"43128599999","2020-06-03","17.2333333","78.4166666","617.0","HYDERABAD INTERNATIONAL AIRPORT, IN","  83.5","24","  74.8","24","9999.9"," 0","999.9"," 0","  3.7","24","  5.2","24","  7.0","999.9","  89.6","*","  77.0","*"," 0.00","I","999.9","000000"
"43128599999","2020-06-04","17.2333333","78.4166666","617.0","HYDERABAD INTERNATIONAL AIRPORT, IN","  82.6","22","  74.2","22","9999.9"," 0","999.9"," 0","  3.7","22","  6.4","22","  8.0","999.9","  91.4","*","  75.2","*"," 0.00","I","999.9","000000"
"43128599999","2020-06-05","17.2333333","78.4166666","617.0","HYDERABAD INTERNATIONAL AIRPORT, IN","  85.3","24","  72.1","24","9999.9"," 0","999.9"," 0","  3.7","24","  5.6","24","  8.0","999.9","  93.2","*","  75.2","*"," 0.00","I","999.9","000000"
"43128599999","2020-06-06","17.2333333","78.4166666","617.0","HYDERABAD INTERNATIONAL AIRPORT, IN","  87.1","24","  70.8","24","9999.9"," 0","999.9"," 0","  3.7","24","  5.7","24","  8.0","999.9","  96.8","*","  78.8","*"," 0.00","I","999.9","000000"
"43128599999","2020-06-07","17.2333333","78.4166666","617.0","HYDERABAD INTERNATIONAL AIRPORT, IN","  87.3","24","  71.5","24","9999.9"," 0","999.9"," 0","  3.7","24","  5.8","24","  8.0","999.9","  95.0","*","  78.8","*"," 0.00","I","999.9","000000"
"43128599999","2020-06-08","17.2333333","78.4166666","617.0","HYDERABAD INTERNATIONAL AIRPORT, IN","  86.5","24","  70.4","24","9999.9"," 0","999.9"," 0","  3.7","24","  6.8","24","  8.9","999.9","  95.0","*","  78.8","*"," 0.00","I","999.9","000000"
"43128599999","2020-06-09","17.2333333","78.4166666","617.0","HYDERABAD INTERNATIONAL AIRPORT, IN","  85.6","24","  72.9","24","9999.9"," 0","999.9"," 0","  3.4","24","  5.7","24","  8.9","999.9","  96.8","*","  75.2","*","99.99"," ","999.9","010010"
"43128599999","2020-06-10","17.2333333","78.4166666","617.0","HYDERABAD INTERNATIONAL AIRPORT, IN","  79.8","24","  75.2","24","9999.9"," 0","999.9"," 0","  3.0","24","  6.3","24","  9.9","999.9","  91.4","*","  75.2","*","99.99"," ","999.9","010010"
"43128599999","2020-06-11","17.2333333","78.4166666","617.0","HYDERABAD INTERNATIONAL AIRPORT, IN","  78.0","24","  72.2","24","9999.9"," 0","999.9"," 0","  2.8","24","  6.0","24","  8.0","999.9","  82.4","*","  75.2","*","99.99"," ","999.9","010000"
"43128599999","2020-06-12","17.2333333","78.4166666","617.0","HYDERABAD INTERNATIONAL AIRPORT, IN","  78.7","24","  75.3","24","9999.9"," 0","999.9"," 0","  2.7","24","  5.3","24","  7.0","999.9","  86.0","*","  73.4","*","99.99"," ","999.9","010000"
"43128599999","2020-06-13","17.2333333","78.4166666","617.0","HYDERABAD INTERNATIONAL AIRPORT, IN","  80.6","24","  76.2","24","9999.9"," 0","999.9"," 0","  3.5","24","  5.3","24","  7.0","999.9","  86.0","*","  73.4","*"," 0.00","I","999.9","000000"
"43128599999","2020-06-14","17.2333333","78.4166666","617.0","HYDERABAD INTERNATIONAL AIRPORT, IN","  82.0","24","  76.8","24","9999.9"," 0","999.9"," 0","  3.7","24","  6.3","24","  8.9","999.9","  89.6","*","  75.2","*","99.99"," ","999.9","010010"
"43128599999","2020-06-15","17.2333333","78.4166666","617.0","HYDERABAD INTERNATIONAL AIRPORT, IN","  81.2","24","  76.4","24","9999.9"," 0","999.9"," 0","  3.5","24","  6.4","24","  8.0","999.9","  87.8","*","  77.0","*","99.99"," ","999.9","010010"
"43128599999","2020-06-16","17.2333333","78.4166666","617.0","HYDERABAD INTERNATIONAL AIRPORT, IN","  78.0","24","  74.4","24","9999.9"," 0","999.9"," 0","  2.9","24","  6.0","24","  8.9","999.9","  86.0","*","  73.4","*","99.99"," ","999.9","010010"
"43128599999","2020-06-17","17.2333333","78.4166666","617.0","HYDERABAD INTERNATIONAL AIRPORT, IN","  78.1","24","  75.6","24","9999.9"," 0","999.9"," 0","  3.1","24","  6.7","24","  8.9","999.9","  84.2","*","  73.4","*","99.99"," ","999.9","010010"
"43128599999","2020-06-18","17.2333333","78.4166666","617.0","HYDERABAD INTERNATIONAL AIRPORT, IN","  78.8","24","  75.9","24","9999.9"," 0","999.9"," 0","  3.0","24","  6.8","24"," 14.0"," 20.0","  86.0","*","  71.6","*","99.99"," ","999.9","010010"
"43128599999","2020-06-19","17.2333333","78.4166666","617.0","HYDERABAD INTERNATIONAL AIRPORT, IN","  81.7","24","  77.7","24","9999.9"," 0","999.9"," 0","  3.1","24","  6.8","24","  9.9","999.9","  89.6","*","  75.2","*"," 0.00","I","999.9","000000"
"43128599999","2020-06-20","17.2333333","78.4166666","617.0","HYDERABAD INTERNATIONAL AIRPORT, IN","  81.6","24","  75.3","24","9999.9"," 0","999.9"," 0","  3.1","24","  7.3","24"," 12.0","999.9","  89.6","*","  73.4","*","99.99"," ","999.9","010010"
"43128599999","2020-06-21","17.2333333","78.4166666","617.0","HYDERABAD INTERNATIONAL AIRPORT, IN","  80.2","24","  76.9","24","9999.9"," 0","999.9"," 0","  3.1","24","  6.6","24","  9.9","999.9","  84.2","*","  75.2","*","99.99"," ","999.9","010000"
"43128599999","2020-06-22","17.2333333","78.4166666","617.0","HYDERABAD INTERNATIONAL AIRPORT, IN","  80.4","24","  75.9","24","9999.9"," 0","999.9"," 0","  3.1","24","  6.4","24","  8.9","999.9","  87.8","*","  73.4","*","99.99"," ","999.9","010010"
"43128599999","2020-06-23","17.2333333","78.4166666","617.0","HYDERABAD INTERNATIONAL AIRPORT, IN","  83.4","24","  76.7","24","9999.9"," 0","999.9"," 0","  3.1","24","  5.1","24","  8.0","999.9","  91.4","*","  75.2","*"," 0.00","I","999.9","000000"
"43128599999","2020-06-24","17.2333333","78.4166666","617.0","HYDERABAD INTERNATIONAL AIRPORT, IN","  84.2","24","  78.2","24","9999.9"," 0","999.9"," 0","  3.4","24","  4.8","24","  8.0","999.9","  93.2","*","  77.0","*"," 0.00","I","999.9","000000"
"43128599999","2020-06-25","17.2333333","78.4166666","617.0","HYDERABAD INTERNATIONAL AIRPORT, IN","  84.6","24","  78.0","24","9999.9"," 0","999.9"," 0","  3.3","24","  4.6","24","  7.0","999.9","  95.0","*","  77.0","*"," 0.00","I","999.9","000010"
"43128599999","2020-06-26","17.2333333","78.4166666","617.0","HYDERABAD INTERNATIONAL AIRPORT, IN","  84.0","24","  77.2","24","9999.9"," 0","999.9"," 0","  3.5","24","  3.9","24","  5.1","999.9","  91.4","*","  75.2","*"," 0.00","I","999.9","000000"
"43128599999","2020-06-27","17.2333333","78.4166666","617.0","HYDERABAD INTERNATIONAL AIRPORT, IN","  81.7","24","  77.1","24","9999.9"," 0","999.9"," 0","  3.0","24","  4.4","24","  7.0","999.9","  95.0","*","  75.2","*","99.99"," ","999.9","010010"
"43128599999","2020-06-28","17.2333333","78.4166666","617.0","HYDERABAD INTERNATIONAL AIRPORT, IN","  80.6","24","  76.9","24","9999.9"," 0","999.9"," 0","  3.2","24","  4.6","24","  7.0","999.9","  89.6","*","  73.4","*","99.99"," ","999.9","010010"
"43128599999","2020-06-29","17.2333333","78.4166666","617.0","HYDERABAD INTERNATIONAL AIRPORT, IN","  80.8","24","  77.1","24","9999.9"," 0","999.9"," 0","  3.2","24","  4.3","24","  7.0","999.9","  87.8","*","  75.2","*","99.99"," ","999.9","010010"
"43128599999","2020-06-30","17.2333333","78.4166666","617.0","HYDERABAD INTERNATIONAL AIRPORT, IN","  80.5","24","  77.4","24","9999.9"," 0","999.9"," 0","  3.5","24","  3.9","24","  8.0","999.9","  86.0","*","  75.2","*","99.99"," ","999.9","010010"
"43128599999","2020-07-01","17.2333333","78.4166666","617.0","HYDERABAD INTERNATIONAL AIRPORT, IN","  81.6","24","  77.7","24","9999.9"," 0","999.9"," 0","  3.5","24","  5.0","24","  8.0","999.9","  89.6","*","  75.2","*","99.99"," ","999.9","010010"
"43128599999","2020-07-02","17.2333333","78.4166666","617.0","HYDERABAD INTERNATIONAL AIRPORT, IN","  79.2","24","  74.8","24","9999.9"," 0","999.9"," 0","  3.1","24","  6.0","24","  8.9","999.9","  89.6","*","  71.6","*","99.99"," ","999.9","010010"
"43128599999","2020-07-03","17.2333333","78.4166666","617.0","HYDERABAD INTERNATIONAL AIRPORT, IN","  79.5","24","  74.3","24","9999.9"," 0","999.9"," 0","  3.3","24","  6.9","24","  9.9","999.9","  86.0","*","  73.4","*","99.99"," ","999.9","010010"
"43128599999","2020-07-04","17.2333333","78.4166666","617.0","HYDERABAD INTERNATIONAL AIRPORT, IN","  77.5","24","  75.0","24","9999.9"," 0","999.9"," 0","  3.4","24","  6.4","24","  9.9","999.9","  82.4","*","  73.4","*","99.99"," ","999.9","010000"
"43128599999","2020-07-05","17.2333333","78.4166666","617.0","HYDERABAD INTERNATIONAL AIRPORT, IN","  77.2","24","  74.5","24","9999.9"," 0","999.9"," 0","  3.0","24","  6.1","24","  8.9","999.9","  80.6","*","  73.4","*","99.99"," ","999.9","010000"
"43128599999","2020-07-06","17.2333333","78.4166666","617.0","HYDERABAD INTERNATIONAL AIRPORT, IN","  77.2","24","  73.3","24","9999.9"," 0","999.9"," 0","  3.0","24","  5.5","24","  8.0","999.9","  80.6","*","  75.2","*","99.99"," ","999.9","010000"
"43128599999","2020-07-07","17.2333333","78.4166666","617.0","HYDERABAD INTERNATIONAL AIRPORT, IN","  79.3","24","  74.6","24","9999.9"," 0","999.9"," 0","  3.5","24","  5.9","24","  7.0","999.9","  87.8","*","  73.4","*","99.99"," ","999.9","010000"
"43128599999","2020-07-08","17.2333333","78.4166666","617.0","HYDERABAD INTERNATIONAL AIRPORT, IN","  80.1","24","  75.6","24","9999.9"," 0","999.9"," 0","  3.7","24","  4.8","24","  8.0","999.9","  89.6","*","  75.2","*","99.99"," ","999.9","010000"
"43128599999","2020-07-09","17.2333333","78.4166666","617.0","HYDERABAD INTERNATIONAL AIRPORT, IN","  78.9","24","  76.0","24","9999.9"," 0","999.9"," 0","  3.7","24","  5.6","24"," 12.0","999.9","  87.8","*","  71.6","*","99.99"," ","999.9","010000"
"43128599999","2020-07-10","17.2333333","78.4166666","617.0","HYDERABAD INTERNATIONAL AIRPORT, IN","  76.5","24","  74.2","24","9999.9"," 0","999.9"," 0","  3.4","24","  5.0","24","  8.9","999.9","  84.2","*","  71.6","*","99.99"," ","999.9","010000"
"43128599999","2020-07-11","17.2333333","78.4166666","617.0","HYDERABAD INTERNATIONAL AIRPORT, IN","  80.6","24","  76.0","24","9999.9"," 0","999.9"," 0","  3.5","24","  5.2","24","  8.9","999.9","  87.8","*","  75.2","*","99.99"," ","999.9","010000"
"43128599999","2020-07-12","17.2333333","78.4166666","617.0","HYDERABAD INTERNATIONAL AIRPORT, IN","  79.3","24","  75.3","24","9999.9"," 0","999.9"," 0","  3.4","24","  5.7","24","  9.9","999.9","  86.0","*","  75.2","*"," 0.00","I","999.9","000000"
"43128599999","2020-07-13","17.2333333","78.4166666","617.0","HYDERABAD INTERNATIONAL AIRPORT, IN","  77.5","23","  75.0","23","9999.9"," 0","999.9"," 0","  3.1","23","  4.0","23","  8.0","999.9","  84.2","*","  73.4","*","99.99"," ","999.9","010010"
"43128599999","2020-07-14","17.2333333","78.4166666","617.0","HYDERABAD INTERNATIONAL AIRPORT, IN","  77.2","24","  74.7","24","9999.9"," 0","999.9"," 0","  3.1","24","  5.0","24","  6.0","999.9","  82.4","*","  73.4","*","99.99"," ","999.9","010000"
"43128599999","2020-07-15","17.2333333","78.4166666","617.0","HYDERABAD INTERNATIONAL AIRPORT, IN","  74.5","24","  73.5","24","9999.9"," 0","999.9"," 0","  2.5","24","  5.4","24","  8.9","999.9","  78.8","*","  71.6","*","99.99"," ","999.9","010000"
"43128599999","2020-07-16","17.2333333","78.4166666","617.0","HYDERABAD INTERNATIONAL AIRPORT, IN","  76.4","24","  74.1","24","9999.9"," 0","999.9"," 0","  3.0","24","  6.5","24","  9.9","999.9","  84.2","*","  71.6","*","99.99"," ","999.9","010000"
"43128599999","2020-07-17","17.2333333","78.4166666","617.0","HYDERABAD INTERNATIONAL AIRPORT, IN","  77.8","24","  74.8","24","9999.9"," 0","999.9"," 0","  3.6","24","  6.0","24","  9.9","999.9","  86.0","*","  73.4","*"," 0.00","I","999.9","000000"
"43128599999","2020-07-18","17.2333333","78.4166666","617.0","HYDERABAD INTERNATIONAL AIRPORT, IN","  80.5","24","  76.0","24","9999.9"," 0","999.9"," 0","  3.7","24","  5.2","24","  9.9","999.9","  87.8","*","  73.4","*"," 0.00","I","999.9","000000"
"43128599999","2020-07-19","17.2333333","78.4166666","617.0","HYDERABAD INTERNATIONAL AIRPORT, IN","  79.2","24","  75.9","24","9999.9"," 0","999.9"," 0","  3.2","24","  4.2","24","  7.0","999.9","  87.8","*","  75.2","*","99.99"," ","999.9","010000"
"43128599999","2020-07-20","17.2333333","78.4166666","617.0","HYDERABAD INTERNATIONAL AIRPORT, IN","  80.3","24","  76.8","24","9999.9"," 0","999.9"," 0","  3.1","24","  3.8","24","  8.0","999.9","  86.0","*","  75.2","*"," 0.00","I","999.9","000000"
"43128599999","2020-07-21","17.2333333","78.4166666","617.0","HYDERABAD INTERNATIONAL AIRPORT, IN","  80.2","24","  74.1","24","9999.9"," 0","999.9"," 0","  3.6","24","  3.8","24","  9.9","999.9","  91.4","*","  73.4","*"," 0.00","I","999.9","000000"
"43128599999","2020-07-22","17.2333333","78.4166666","617.0","HYDERABAD INTERNATIONAL AIRPORT, IN","  81.5","24","  77.4","24","9999.9"," 0","999.9"," 0","  3.7","24","  3.9","24","  7.0","999.9","  87.8","*","  75.2","*"," 0.00","I","999.9","000000"
"43128599999","2020-07-23","17.2333333","78.4166666","617.0","HYDERABAD INTERNATIONAL AIRPORT, IN","  75.6","24","  73.5","24","9999.9"," 0","999.9"," 0","  3.0","24","  4.5","24","  8.0","999.9","  78.8","*","  73.4","*","99.99"," ","999.9","010010"
"43128599999","2020-07-24","17.2333333","78.4166666","617.0","HYDERABAD INTERNATIONAL AIRPORT, IN","  76.9","24","  74.1","24","9999.9"," 0","999.9"," 0","  2.9","24","  4.0","24","  9.9","999.9","  87.8","*","  73.4","*","99.99"," ","999.9","010010"
"43128599999","2020-07-25","17.2333333","78.4166666","617.0","HYDERABAD INTERNATIONAL AIRPORT, IN","  77.2","24","  73.3","24","9999.9"," 0","999.9"," 0","  3.0","24","  3.6","24","  7.0","999.9","  87.8","*","  71.6","*","99.99"," ","999.9","010000"
"43128599999","2020-07-26","17.2333333","78.4166666","617.0","HYDERABAD INTERNATIONAL AIRPORT, IN","  79.8","24","  74.3","24","9999.9"," 0","999.9"," 0","  3.6","24","  5.1","24","  8.9","999.9","  87.8","*","  73.4","*"," 0.00","I","999.9","000000"
"43128599999","2020-07-27","17.2333333","78.4166666","617.0","HYDERABAD INTERNATIONAL AIRPORT, IN","  79.8","24","  72.8","24","9999.9"," 0","999.9"," 0","  3.7","24","  6.2","24"," 11.1","999.9","  87.8","*","  71.6","*"," 0.00","I","999.9","000000"
"43128599999","2020-07-28","17.2333333","78.4166666","617.0","HYDERABAD INTERNATIONAL AIRPORT, IN","  78.7","24","  74.6","24","9999.9"," 0","999.9"," 0","  3.4","24","  5.2","24","  8.9","999.9","  89.6","*","  73.4","*","99.99"," ","999.9","010010"
"43128599999","2020-07-29","17.2333333","78.4166666","617.0","HYDERABAD INTERNATIONAL AIRPORT, IN","  77.6","24","  74.2","24","9999.9"," 0","999.9"," 0","  3.2","24","  3.5","24"," 13.0","999.9","  87.8","*","  73.4","*","99.99"," ","999.9","010010"
"43128599999","2020-07-30","17.2333333","78.4166666","617.0","HYDERABAD INTERNATIONAL AIRPORT, IN","  81.3","24","  75.4","24","9999.9"," 0","999.9"," 0","  3.2","24","  3.3","24","  9.9"," 20.0","  91.4","*","  73.4","*","99.99"," ","999.9","010000"
"43128599999","2020-07-31","17.2333333","78.4166666","617.0","HYDERABAD INTERNATIONAL AIRPORT, IN","  82.1","24","  78.3","24","9999.9"," 0","999.9"," 0","  3.2","24","  4.1","24","  6.0","999.9","  89.6","*","  77.0","*","99.99"," ","999.9","010010"
"43128599999","2020-08-01","17.2333333","78.4166666","617.0","HYDERABAD INTERNATIONAL AIRPORT, IN","  79.4","24","  77.0","24","9999.9"," 0","999.9"," 0","  3.1","24","  2.5","24","  6.0","999.9","  89.6","*","  73.4","*","99.99"," ","999.9","010010"
"43128599999","2020-08-02","17.2333333","78.4166666","617.0","HYDERABAD INTERNATIONAL AIRPORT, IN","  79.8","24","  76.0","24","9999.9"," 0","999.9"," 0","  3.4","24","  6.0","24","  9.9","999.9","  87.8","*","  73.4","*","99.99"," ","999.9","010010"
"43128599999","2020-08-03","17.2333333","78.4166666","617.0","HYDERABAD INTERNATIONAL AIRPORT, IN","  79.0","24","  75.6","24","9999.9"," 0","999.9"," 0","  3.4","24","  7.5","24"," 13.0","999.9","  84.2","*","  75.2","*","99.99"," ","999.9","010000"
"43128599999","2020-08-04","17.2333333","78.4166666","617.0","HYDERABAD INTERNATIONAL AIRPORT, IN","  78.3","24","  74.1","24","9999.9"," 0","999.9"," 0","  3.2","24","  8.2","24"," 11.1"," 20.0","  84.2","*","  75.2","*","99.99"," ","999.9","010000"
"43128599999","2020-08-05","17.2333333","78.4166666","617.0","HYDERABAD INTERNATIONAL AIRPORT, IN","  77.1","24","  75.1","24","9999.9"," 0","999.9"," 0","  3.0","24","  6.2","24","  9.9","999.9","  84.2","*","  73.4","*","99.99"," ","999.9","010000"
"43128599999","2020-08-06","17.2333333","78.4166666","617.0","HYDERABAD INTERNATIONAL AIRPORT, IN","  78.6","24","  75.5","24","9999.9"," 0","999.9"," 0","  3.3","24","  7.0","24","  9.9","999.9","  87.8","*","  71.6","*","99.99"," ","999.9","010010"
"43128599999","2020-08-07","17.2333333","78.4166666","617.0","HYDERABAD INTERNATIONAL AIRPORT, IN","  79.9","24","  75.5","24","9999.9"," 0","999.9"," 0","  3.4","24","  5.9","24","  8.0","999.9","  86.0","*","  73.4","*","99.99"," ","999.9","010000"
"43128599999","2020-08-08","17.2333333","78.4166666","617.0","HYDERABAD INTERNATIONAL AIRPORT, IN","  80.1","24","  75.9","24","9999.9"," 0","999.9"," 0","  3.3","24","  7.6","24","  9.9"," 20.0","  86.0","*","  75.2","*"," 0.00","I","999.9","000000"
"43128599999","2020-08-09","17.2333333","78.4166666","617.0","HYDERABAD INTERNATIONAL AIRPORT, IN","  76.8","24","  74.7","24","9999.9"," 0","999.9"," 0","  2.7","24","  7.5","24"," 12.0"," 22.0","  84.2","*","  73.4","*","99.99"," ","999.9","010010"
"43128599999","2020-08-10","17.2333333","78.4166666","617.0","HYDERABAD INTERNATIONAL AIRPORT, IN","  75.5","24","  72.6","24","9999.9"," 0","999.9"," 0","  2.8","24","  6.2","24","  8.9","999.9","  78.8","*","  73.4","*","99.99"," ","999.9","010000"
"43128599999","2020-08-11","17.2333333","78.4166666","617.0","HYDERABAD INTERNATIONAL AIRPORT, IN","  78.0","24","  74.3","24","9999.9"," 0","999.9"," 0","  3.0","24","  8.6","24"," 12.0"," 20.0","  86.0","*","  73.4","*","99.99"," ","999.9","010000"
"43128599999","2020-08-12","17.2333333","78.4166666","617.0","HYDERABAD INTERNATIONAL AIRPORT, IN","  76.9","23","  74.7","23","9999.9"," 0","999.9"," 0","  2.7","23","  8.0","23","  9.9","999.9","  80.6","*","  73.4","*","99.99"," ","999.9","010000"
"43128599999","2020-08-13","17.2333333","78.4166666","617.0","HYDERABAD INTERNATIONAL AIRPORT, IN","  72.8","24","  71.5","24","9999.9"," 0","999.9"," 0","  1.9","24","  7.0","24","  8.0","999.9","  75.2","*","  71.6","*","99.99"," ","999.9","010000"
"43128599999","2020-08-14","17.2333333","78.4166666","617.0","HYDERABAD INTERNATIONAL AIRPORT, IN","  73.6","24","  72.5","24","9999.9"," 0","999.9"," 0","  2.3","24","  7.6","24","  9.9","999.9","  75.2","*","  71.6","*","99.99"," ","999.9","010000"
"43128599999","2020-08-15","17.2333333","78.4166666","617.0","HYDERABAD INTERNATIONAL AIRPORT, IN","  72.6","24","  71.7","24","9999.9"," 0","999.9"," 0","  1.7","24","  8.8","24","  9.9","999.9","  75.2","*","  71.6","*","99.99"," ","999.9","010000"
"43128599999","2020-08-16","17.2333333","78.4166666","617.0","HYDERABAD INTERNATIONAL AIRPORT, IN","  73.3","24","  72.9","24","9999.9"," 0","999.9"," 0","  2.0","24","  9.4","24","  9.9","999.9","  75.2","*","  71.6","*","99.99"," ","999.9","010000"
"43128599999","2020-08-17","17.2333333","78.4166666","617.0","HYDERABAD INTERNATIONAL AIRPORT, IN","  75.8","24","  74.0","24","9999.9"," 0","999.9"," 0","  2.7","24","  6.9","24","  9.9","999.9","  80.6","*","  71.6","*","99.99"," ","999.9","010000"
"43128599999","2020-08-18","17.2333333","78.4166666","617.0","HYDERABAD INTERNATIONAL AIRPORT, IN","  76.7","24","  74.1","24","9999.9"," 0","999.9"," 0","  3.3","24","  8.4","24"," 12.0"," 20.0","  86.0","*","  71.6","*","99.99"," ","999.9","010010"
"43128599999","2020-08-19","17.2333333","78.4166666","617.0","HYDERABAD INTERNATIONAL AIRPORT, IN","  74.6","24","  72.7","24","9999.9"," 0","999.9"," 0","  2.2","24","  7.5","24","  9.9"," 20.0","  78.8","*","  71.6","*","99.99"," ","999.9","010010"
"43128599999","2020-08-20","17.2333333","78.4166666","617.0","HYDERABAD INTERNATIONAL AIRPORT, IN","  73.9","24","  72.7","24","9999.9"," 0","999.9"," 0","  2.2","24","  8.1","24","  9.9","999.9","  75.2","*","  71.6","*","99.99"," ","999.9","010000"
"43128599999","2020-08-21","17.2333333","78.4166666","617.0","HYDERABAD INTERNATIONAL AIRPORT, IN","  75.9","24","  74.1","24","9999.9"," 0","999.9"," 0","  2.5","24","  8.2","24","  9.9"," 20.0","  82.4","*","  71.6","*","99.99"," ","999.9","010000"
"43128599999","2020-08-22","17.2333333","78.4166666","617.0","HYDERABAD INTERNATIONAL AIRPORT, IN","  77.8","24","  74.5","24","9999.9"," 0","999.9"," 0","  3.2","24","  6.5","24","  9.9","999.9","  86.0","*","  73.4","*"," 0.00","I","999.9","000000"
"43128599999","2020-08-23","17.2333333","78.4166666","617.0","HYDERABAD INTERNATIONAL AIRPORT, IN","  78.4","24","  74.5","24","9999.9"," 0","999.9"," 0","  3.3","24","  7.0","24"," 12.0","999.9","  87.8","*","  71.6","*","99.99"," ","999.9","010010"
"43128599999","2020-08-24","17.2333333","78.4166666","617.0","HYDERABAD INTERNATIONAL AIRPORT, IN","  79.2","24","  73.4","24","9999.9"," 0","999.9"," 0","  3.5","24","  6.7","24","  8.0","999.9","  86.0","*","  71.6","*"," 0.00","I","999.9","000000"
"43128599999","2020-08-25","17.2333333","78.4166666","617.0","HYDERABAD INTERNATIONAL AIRPORT, IN","  79.7","23","  76.4","23","9999.9"," 0","999.9"," 0","  3.2","23","  6.1","23","  9.9","999.9","  87.8","*","  73.4","*"," 0.00","I","999.9","000000"
"43128599999","2020-08-26","17.2333333","78.4166666","617.0","HYDERABAD INTERNATIONAL AIRPORT, IN","  78.0","24","  74.0","24","9999.9"," 0","999.9"," 0","  3.3","24","  4.8","24","  8.0","999.9","  84.2","*","  73.4","*","99.99"," ","999.9","010000"
"43128599999","2020-08-27","17.2333333","78.4166666","617.0","HYDERABAD INTERNATIONAL AIRPORT, IN","  75.0","24","  72.7","24","9999.9"," 0","999.9"," 0","  2.5","24","  6.9","24","  9.9","999.9","  80.6","*","  71.6","*","99.99"," ","999.9","010000"
"43128599999","2020-08-28","17.2333333","78.4166666","617.0","HYDERABAD INTERNATIONAL AIRPORT, IN","  78.2","24","  72.2","24","9999.9"," 0","999.9"," 0","  3.2","24","  7.1","24","  9.9","999.9","  86.0","*","  71.6","*","99.99"," ","999.9","010010"
"43128599999","2020-08-29","17.2333333","78.4166666","617.0","HYDERABAD INTERNATIONAL AIRPORT, IN","  79.1","24","  73.7","24","9999.9"," 0","999.9"," 0","  3.3","24","  6.1","24","  8.0","999.9","  86.0","*","  73.4","*"," 0.00","I","999.9","000000"
"43128599999","2020-08-30","17.2333333","78.4166666","617.0","HYDERABAD INTERNATIONAL AIRPORT, IN","  79.9","24","  76.2","24","9999.9"," 0","999.9"," 0","  3.4","24","  5.1","24","  7.0","999.9","  87.8","*","  73.4","*"," 0.00","I","999.9","000000"
"43128599999","2020-08-31","17.2333333","78.4166666","617.0","HYDERABAD INTERNATIONAL AIRPORT, IN","  79.6","24","  74.8","24","9999.9"," 0","999.9"," 0","  3.6","24","  6.1","24","  9.9","999.9","  89.6","*","  73.4","*"," 0.00","I","999.9","000000"
"43128599999","2020-09-01","17.2333333","78.4166666","617.0","HYDERABAD INTERNATIONAL AIRPORT, IN","  80.9","24","  72.3","24","9999.9"," 0","999.9"," 0","  3.2","24","  6.1","24","  8.0","999.9","  87.8","*","  73.4","*"," 0.00","I","999.9","000000"
"43128599999","2020-09-02","17.2333333","78.4166666","617.0","HYDERABAD INTERNATIONAL AIRPORT, IN","  79.7","24","  74.3","24","9999.9"," 0","999.9"," 0","  3.0","24","  5.4","24","  9.9"," 18.1","  89.6","*","  73.4","*","99.99"," ","999.9","010010"
"43128599999","2020-09-03","17.2333333","78.4166666","617.0","HYDERABAD INTERNATIONAL AIRPORT, IN","  80.3","24","  76.5","24","9999.9"," 0","999.9"," 0","  3.3","24","  3.7","24","  7.0","999.9","  87.8","*","  73.4","*"," 0.00","I","999.9","000000"
"43128599999","2020-09-04","17.2333333","78.4166666","617.0","HYDERABAD INTERNATIONAL AIRPORT, IN","  80.3","24","  75.7","24","9999.9"," 0","999.9"," 0","  3.7","24","  5.1","24","  8.0","999.9","  87.8","*","  73.4","*"," 0.00","I","999.9","000000"
"43128599999","2020-09-05","17.2333333","78.4166666","617.0","HYDERABAD INTERNATIONAL AIRPORT, IN","  81.2","24","  72.0","24","9999.9"," 0","999.9"," 0","  3.7","24","  5.6","24","  7.0","999.9","  87.8","*","  73.4","*"," 0.00","I","999.9","000000"
"43128599999","2020-09-06","17.2333333","78.4166666","617.0","HYDERABAD INTERNATIONAL AIRPORT, IN","  82.2","24","  76.8","24","9999.9"," 0","999.9"," 0","  3.5","24","  5.4","24","  8.0","999.9","  91.4","*","  75.2","*"," 0.00","I","999.9","000000"
"43128599999","2020-09-07","17.2333333","78.4166666","617.0","HYDERABAD INTERNATIONAL AIRPORT, IN","  81.6","24","  77.4","24","9999.9"," 0","999.9"," 0","  3.3","24","  3.0","24","  5.1","999.9","  91.4","*","  73.4","*"," 0.00","I","999.9","000000"
"43128599999","2020-09-08","17.2333333","78.4166666","617.0","HYDERABAD INTERNATIONAL AIRPORT, IN","  81.7","24","  74.5","24","9999.9"," 0","999.9"," 0","  3.4","24","  5.1","24","  8.0","999.9","  93.2","*","  71.6","*"," 0.00","I","999.9","000010"
"43128599999","2020-09-09","17.2333333","78.4166666","617.0","HYDERABAD INTERNATIONAL AIRPORT, IN","  81.9","24","  72.0","24","9999.9"," 0","999.9"," 0","  3.1","24","  4.3","24","  8.9","999.9","  91.4","*","  75.2","*","99.99"," ","999.9","010000"
"43128599999","2020-09-10","17.2333333","78.4166666","617.0","HYDERABAD INTERNATIONAL AIRPORT, IN","  78.6","24","  75.3","24","9999.9"," 0","999.9"," 0","  3.1","24","  4.2","24","  6.0","999.9","  93.2","*","  73.4","*","99.99"," ","999.9","010010"
"43128599999","2020-09-11","17.2333333","78.4166666","617.0","HYDERABAD INTERNATIONAL AIRPORT, IN","  78.1","24","  74.9","24","9999.9"," 0","999.9"," 0","  2.6","24","  4.2","24","  6.0","999.9","  87.8","*","  73.4","*","99.99"," ","999.9","010010"
"43128599999","2020-09-12","17.2333333","78.4166666","617.0","HYDERABAD INTERNATIONAL AIRPORT, IN","  78.0","23","  74.7","23","9999.9"," 0","999.9"," 0","  3.0","23","  5.9","23","  8.0","999.9","  84.2","*","  73.4","*","99.99"," ","999.9","010010"
"43128599999","2020-09-13","17.2333333","78.4166666","617.0","HYDERABAD INTERNATIONAL AIRPORT, IN","  75.6","24","  72.7","24","9999.9"," 0","999.9"," 0","  3.0","24","  6.8","24","  8.0","999.9","  80.6","*","  71.6","*","99.99"," ","999.9","010000"
"43128599999","2020-09-14","17.2333333","78.4166666","617.0","HYDERABAD INTERNATIONAL AIRPORT, IN","  75.0","24","  74.3","24","9999.9"," 0","999.9"," 0","  2.8","24","  6.0","24","  8.9","999.9","  77.0","*","  73.4","*","99.99"," ","999.9","010000"
"43128599999","2020-09-15","17.2333333","78.4166666","617.0","HYDERABAD INTERNATIONAL AIRPORT, IN","  77.9","24","  74.5","24","9999.9"," 0","999.9"," 0","  3.1","24","  5.7","24","  8.0","999.9","  84.2","*","  73.4","*","99.99"," ","999.9","010000"
"43128599999","2020-09-16","17.2333333","78.4166666","617.0","HYDERABAD INTERNATIONAL AIRPORT, IN","  76.6","24","  73.2","24","9999.9"," 0","999.9"," 0","  2.6","24","  6.8","24"," 15.0"," 25.1","  86.0","*","  71.6","*","99.99"," ","999.9","010010"
"43128599999","2020-09-17","17.2333333","78.4166666","617.0","HYDERABAD INTERNATIONAL AIRPORT, IN","  78.5","24","  74.6","24","9999.9"," 0","999.9"," 0","  2.6","24","  7.2","24","  8.0","999.9","  84.2","*","  73.4","*","99.99"," ","999.9","010000"
"43128599999","2020-09-18","17.2333333","78.4166666","617.0","HYDERABAD INTERNATIONAL AIRPORT, IN","  77.7","24","  75.6","24","9999.9"," 0","999.9"," 0","  2.3","24","  4.9","24","  9.9","999.9","  89.6","*","  73.4","*","99.99"," ","999.9","010010"
"43128599999","2020-09-19","17.2333333","78.4166666","617.0","HYDERABAD INTERNATIONAL AIRPORT, IN","  76.1","24","  74.8","24","9999.9"," 0","999.9"," 0","  1.4","24","  5.1","24","  7.0","999.9","  78.8","*","  75.2","*","99.99"," ","999.9","010010"
"43128599999","2020-09-20","17.2333333","78.4166666","617.0","HYDERABAD INTERNATIONAL AIRPORT, IN","  76.6","24","  74.1","24","9999.9"," 0","999.9"," 0","  2.2","24","  5.8","24","  9.9"," 20.0","  87.8","*","  73.4","*","99.99"," ","999.9","010010"
"43128599999","2020-09-21","17.2333333","78.4166666","617.0","HYDERABAD INTERNATIONAL AIRPORT, IN","  77.2","24","  72.9","24","9999.9"," 0","999.9"," 0","  3.1","24","  8.6","24"," 12.0","999.9","  84.2","*","  73.4","*"," 0.00","I","999.9","000000"
"43128599999","2020-09-22","17.2333333","78.4166666","617.0","HYDERABAD INTERNATIONAL AIRPORT, IN","  78.3","24","  76.2","24","9999.9"," 0","999.9"," 0","  3.6","24","  5.2","24","  9.9","999.9","  86.0","*","  73.4","*"," 0.00","I","999.9","000000"
"43128599999","2020-09-23","17.2333333","78.4166666","617.0","HYDERABAD INTERNATIONAL AIRPORT, IN","  77.8","24","  74.8","24","9999.9"," 0","999.9"," 0","  3.5","24","  6.9","24"," 12.0","999.9","  82.4","*","  73.4","*"," 0.00","I","999.9","000000"
"43128599999","2020-09-24","17.2333333","78.4166666","617.0","HYDERABAD INTERNATIONAL AIRPORT, IN","  78.9","24","  72.9","24","9999.9"," 0","999.9"," 0","  3.7","24","  5.4","24","  7.0","999.9","  86.0","*","  73.4","*"," 0.00","I","999.9","000000"
"43128599999","2020-09-25","17.2333333","78.4166666","617.0","HYDERABAD INTERNATIONAL AIRPORT, IN","  77.3","24","  73.2","24","9999.9"," 0","999.9"," 0","  2.7","24","  7.2","24"," 12.0","999.9","  87.8","*","  69.8","*","99.99"," ","999.9","010010"
"43128599999","2020-09-26","17.2333333","78.4166666","617.0","HYDERABAD INTERNATIONAL AIRPORT, IN","  72.1","24","  71.7","24","9999.9"," 0","999.9"," 0","  2.7","24","  5.1","24","  8.0","999.9","  75.2","*","  68.0","*","99.99"," ","999.9","010010"
"43128599999","2020-09-27","17.2333333","78.4166666","617.0","HYDERABAD INTERNATIONAL AIRPORT, IN","  76.4","24","  72.4","24","9999.9"," 0","999.9"," 0","  3.0","24","  5.1","24","  7.0","999.9","  82.4","*","  71.6","*"," 0.00","I","999.9","000000"
"43128599999","2020-09-28","17.2333333","78.4166666","617.0","HYDERABAD INTERNATIONAL AIRPORT, IN","  78.3","24","  73.8","24","9999.9"," 0","999.9"," 0","  3.0","24","  5.9","24","  8.0","999.9","  86.0","*","  71.6","*","99.99"," ","999.9","010000"
"43128599999","2020-09-29","17.2333333","78.4166666","617.0","HYDERABAD INTERNATIONAL AIRPORT, IN","  79.1","24","  74.0","24","9999.9"," 0","999.9"," 0","  2.6","24","  6.2","24","  9.9","999.9","  86.0","*","  73.4","*","99.99"," ","999.9","010010"
"43128599999","2020-09-30","17.2333333","78.4166666","617.0","HYDERABAD INTERNATIONAL AIRPORT, IN","  77.1","24","  74.7","24","9999.9"," 0","999.9"," 0","  3.1","24","  4.5","24","  8.0","999.9","  84.2","*","  71.6","*"," 0.00","I","999.9","000000"
"43128599999","2020-10-01","17.2333333","78.4166666","617.0","HYDERABAD INTERNATIONAL AIRPORT, IN","  77.3","24","  72.2","24","9999.9"," 0","999.9"," 0","  2.6","24","  5.5","24","  8.0","999.9","  86.0","*","  71.6","*"," 0.00","I","999.9","000000"
"43128599999","2020-10-02","17.2333333","78.4166666","617.0","HYDERABAD INTERNATIONAL AIRPORT, IN","  81.1","24","  73.3","24","9999.9"," 0","999.9"," 0","  3.4","24","  6.1","24","  8.0","999.9","  89.6","*","  71.6","*"," 0.00","I","999.9","000000"
"43128599999","2020-10-03","17.2333333","78.4166666","617.0","HYDERABAD INTERNATIONAL AIRPORT, IN","  78.0","24","  71.0","24","9999.9"," 0","999.9"," 0","  3.2","24","  4.6","24","  8.0","999.9","  84.2","*","  69.8","*"," 0.00","I","999.9","000000"
"43128599999","2020-10-04","17.2333333","78.4166666","617.0","HYDERABAD INTERNATIONAL AIRPORT, IN","  78.9","24","  73.7","24","9999.9"," 0","999.9"," 0","  3.4","24","  4.7","24","  8.0","999.9","  87.8","*","  69.8","*"," 0.00","I","999.9","000000"
"43128599999","2020-10-05","17.2333333","78.4166666","617.0","HYDERABAD INTERNATIONAL AIRPORT, IN","  79.7","24","  73.2","24","9999.9"," 0","999.9"," 0","  3.5","24","  5.5","24","  8.0","999.9","  89.6","*","  71.6","*"," 0.00","I","999.9","000000"
"43128599999","2020-10-06","17.2333333","78.4166666","617.0","HYDERABAD INTERNATIONAL AIRPORT, IN","  79.8","24","  71.8","24","9999.9"," 0","999.9"," 0","  3.6","24","  4.9","24","  8.0","999.9","  89.6","*","  71.6","*"," 0.00","I","999.9","000000"
"43128599999","2020-10-07","17.2333333","78.4166666","617.0","HYDERABAD INTERNATIONAL AIRPORT, IN","  75.4","24","  70.8","24","9999.9"," 0","999.9"," 0","  2.6","24","  5.7","24","  8.0","999.9","  82.4","*","  71.6","*"," 0.00","I","999.9","000000"
"43128599999","2020-10-08","17.2333333","78.4166666","617.0","HYDERABAD INTERNATIONAL AIRPORT, IN","  78.2","24","  74.9","24","9999.9"," 0","999.9"," 0","  2.6","24","  3.7","24","  6.0","999.9","  87.8","*","  69.8","*"," 0.00","I","999.9","000000"
"43128599999","2020-10-09","17.2333333","78.4166666","617.0","HYDERABAD INTERNATIONAL AIRPORT, IN","  79.0","24","  74.2","24","9999.9"," 0","999.9"," 0","  2.2","24","  4.3","24","  8.9","999.9","  89.6","*","  71.6","*","99.99"," ","999.9","010010"
"43128599999","2020-10-10","17.2333333","78.4166666","617.0","HYDERABAD INTERNATIONAL AIRPORT, IN","  79.5","24","  73.9","24","9999.9"," 0","999.9"," 0","  2.8","24","  4.8","24","  5.1","999.9","  87.8","*","  73.4","*"," 0.00","I","999.9","000000"
"43128599999","2020-10-11","17.2333333","78.4166666","617.0","HYDERABAD INTERNATIONAL AIRPORT, IN","  75.6","24","  73.7","24","9999.9"," 0","999.9"," 0","  2.3","24","  4.6","24","  8.0","999.9","  78.8","*","  73.4","*","99.99"," ","999.9","010010"
"43128599999","2020-10-12","17.2333333","78.4166666","617.0","HYDERABAD INTERNATIONAL AIRPORT, IN","  75.4","24","  73.9","24","9999.9"," 0","999.9"," 0","  2.5","24","  3.8","24","  6.0","999.9","  82.4","*","  73.4","*","99.99"," ","999.9","010000"
"43128599999","2020-10-13","17.2333333","78.4166666","617.0","HYDERABAD INTERNATIONAL AIRPORT, IN","  74.5","22","  74.2","22","9999.9"," 0","999.9"," 0","  1.4","22","  8.4","22"," 15.0"," 25.1","  75.2","*","  73.4","*","99.99"," ","999.9","010010"
"43128599999","2020-10-14","17.2333333","78.4166666","617.0","HYDERABAD INTERNATIONAL AIRPORT, IN","  74.1","24","  72.6","24","9999.9"," 0","999.9"," 0","  2.5","24","  6.4","24","  9.9","999.9","  75.2","*","  73.4","*","99.99"," ","999.9","010010"
"43128599999","2020-10-15","17.2333333","78.4166666","617.0","HYDERABAD INTERNATIONAL AIRPORT, IN","  73.3","24","  71.4","24","9999.9"," 0","999.9"," 0","  3.0","24","  6.3","24","  8.9","999.9","  78.8","*","  68.0","*"," 0.00","I","999.9","000000"
"43128599999","2020-10-16","17.2333333","78.4166666","617.0","HYDERABAD INTERNATIONAL AIRPORT, IN","  73.9","24","  70.2","24","9999.9"," 0","999.9"," 0","  3.5","24","  2.6","24","  7.0","999.9","  84.2","*","  68.0","*"," 0.00","I","999.9","000000"
"43128599999","2020-10-17","17.2333333","78.4166666","617.0","HYDERABAD INTERNATIONAL AIRPORT, IN","  75.3","21","  70.1","21","9999.9"," 0","999.9"," 0","  2.8","21","  4.3","21","  9.9","999.9","  86.0","*","  68.0","*","99.99"," ","999.9","010010"
"43128599999","2020-10-18","17.2333333","78.4166666","617.0","HYDERABAD INTERNATIONAL AIRPORT, IN","  77.7","24","  71.8","24","9999.9"," 0","999.9"," 0","  3.4","24","  4.4","24","  6.0","999.9","  86.0","*","  68.0","*"," 0.00","I","999.9","000000"
"43128599999","2020-10-19","17.2333333","78.4166666","617.0","HYDERABAD INTERNATIONAL AIRPORT, IN","  73.9","24","  71.2","24","9999.9"," 0","999.9"," 0","  2.5","24","  4.7","24","  9.9","999.9","  84.2","*","  68.0","*","99.99"," ","999.9","010010"
"43128599999","2020-10-20","17.2333333","78.4166666","617.0","HYDERABAD INTERNATIONAL AIRPORT, IN","  70.9","24","  70.6","24","9999.9"," 0","999.9"," 0","  2.3","24","  3.0","24","  8.0","999.9","  80.6","*","  68.0","*","99.99"," ","999.9","010010"
"43128599999","2020-10-21","17.2333333","78.4166666","617.0","HYDERABAD INTERNATIONAL AIRPORT, IN","  72.8","24","  71.6","24","9999.9"," 0","999.9"," 0","  1.6","24","  4.1","24","  7.0","999.9","  78.8","*","  68.0","*","99.99"," ","999.9","110010"
"43128599999","2020-10-22","17.2333333","78.4166666","617.0","HYDERABAD INTERNATIONAL AIRPORT, IN","  75.9","24","  69.7","24","9999.9"," 0","999.9"," 0","  1.8","24","  4.4","24","  7.0","999.9","  84.2","*","  66.2","*","99.99"," ","999.9","110000"
"43128599999","2020-10-23","17.2333333","78.4166666","617.0","HYDERABAD INTERNATIONAL AIRPORT, IN","  73.9","24","  65.9","24","9999.9"," 0","999.9"," 0","  2.7","24","  4.2","24","  5.1","999.9","  84.2","*","  64.4","*"," 0.00","I","999.9","000000"
"43128599999","2020-10-24","17.2333333","78.4166666","617.0","HYDERABAD INTERNATIONAL AIRPORT, IN","  72.3","24","  65.0","24","9999.9"," 0","999.9"," 0","  3.3","24","  1.9","24","  4.1","999.9","  86.0","*","  62.6","*"," 0.00","I","999.9","000000"
"43128599999","2020-10-25","17.2333333","78.4166666","617.0","HYDERABAD INTERNATIONAL AIRPORT, IN","  75.3","24","  66.1","24","9999.9"," 0","999.9"," 0","  3.2","24","  4.3","24","  6.0","999.9","  84.2","*","  64.4","*"," 0.00","I","999.9","000000"
"43128599999","2020-10-26","17.2333333","78.4166666","617.0","HYDERABAD INTERNATIONAL AIRPORT, IN","  76.6","24","  63.3","24","9999.9"," 0","999.9"," 0","  2.9","24","  4.9","24","  6.0","999.9","  82.4","*","  68.0","*"," 0.00","I","999.9","000000"
"43128599999","2020-10-27","17.2333333","78.4166666","617.0","HYDERABAD INTERNATIONAL AIRPORT, IN","  71.9","24","  61.9","24","9999.9"," 0","999.9"," 0","  2.9","24","  5.7","24","  8.9","999.9","  84.2","*","  60.8","*"," 0.00","I","999.9","000000"
"43128599999","2020-10-28","17.2333333","78.4166666","617.0","HYDERABAD INTERNATIONAL AIRPORT, IN","  70.9","22","  61.6","22","9999.9"," 0","999.9"," 0","  3.3","22","  3.3","22","  7.0","999.9","  84.2","*","  62.6","*"," 0.00","I","999.9","000000"
"43128599999","2020-10-29","17.2333333","78.4166666","617.0","HYDERABAD INTERNATIONAL AIRPORT, IN","  75.2","24","  67.9","24","9999.9"," 0","999.9"," 0","  3.1","24","  4.6","24","  6.0","999.9","  86.0","*","  62.6","*"," 0.00","I","999.9","000000"
"43128599999","2020-10-30","17.2333333","78.4166666","617.0","HYDERABAD INTERNATIONAL AIRPORT, IN","  77.1","24","  68.7","24","9999.9"," 0","999.9"," 0","  2.8","24","  5.4","24","  8.0","999.9","  86.0","*","  69.8","*"," 0.00","I","999.9","000000"
"43128599999","2020-10-31","17.2333333","78.4166666","617.0","HYDERABAD INTERNATIONAL AIRPORT, IN","  74.0","24","  63.1","24","9999.9"," 0","999.9"," 0","  2.8","24","  6.1","24","  8.9","999.9","  82.4","*","  60.8","*"," 0.00","I","999.9","000000"
"43128599999","2020-11-01","17.2333333","78.4166666","617.0","HYDERABAD INTERNATIONAL AIRPORT, IN","  75.5","24","  63.1","24","9999.9"," 0","999.9"," 0","  3.0","24","  3.7","24","  7.0","999.9","  87.8","*","  64.4","*"," 0.00","I","999.9","000000"
"43128599999","2020-11-02","17.2333333","78.4166666","617.0","HYDERABAD INTERNATIONAL AIRPORT, IN","  78.1","24","  68.9","24","9999.9"," 0","999.9"," 0","  3.0","24","  4.8","24","  7.0","999.9","  87.8","*","  68.0","*"," 0.00","I","999.9","000000"
"43128599999","2020-11-03","17.2333333","78.4166666","617.0","HYDERABAD INTERNATIONAL AIRPORT, IN","  77.8","24","  67.2","24","9999.9"," 0","999.9"," 0","  2.8","24","  4.9","24","  6.0","999.9","  87.8","*","  68.0","*"," 0.00","I","999.9","000000"
"43128599999","2020-11-04","17.2333333","78.4166666","617.0","HYDERABAD INTERNATIONAL AIRPORT, IN","  76.8","24","  58.4","24","9999.9"," 0","999.9"," 0","  3.0","24","  5.6","24","  8.0","999.9","  86.0","*","  66.2","*"," 0.00","I","999.9","000000"
"43128599999","2020-11-05","17.2333333","78.4166666","617.0","HYDERABAD INTERNATIONAL AIRPORT, IN","  74.4","24","  57.1","24","9999.9"," 0","999.9"," 0","  3.2","24","  4.3","24","  7.0","999.9","  84.2","*","  66.2","*"," 0.00","I","999.9","000000"
"43128599999","2020-11-06","17.2333333","78.4166666","617.0","HYDERABAD INTERNATIONAL AIRPORT, IN","  75.6","24","  68.9","24","9999.9"," 0","999.9"," 0","  2.9","24","  4.6","24","  7.0","999.9","  82.4","*","  68.0","*"," 0.00","I","999.9","000000"
"43128599999","2020-11-07","17.2333333","78.4166666","617.0","HYDERABAD INTERNATIONAL AIRPORT, IN","  76.8","24","  71.6","24","9999.9"," 0","999.9"," 0","  2.4","24","  5.1","24","  8.9","999.9","  86.0","*","  68.0","*"," 0.00","I","999.9","000000"
"43128599999","2020-11-08","17.2333333","78.4166666","617.0","HYDERABAD INTERNATIONAL AIRPORT, IN","  74.2","24","  59.8","24","9999.9"," 0","999.9"," 0","  3.0","24","  5.5","24","  7.0","999.9","  86.0","*","  64.4","*"," 0.00","I","999.9","000000"
"43128599999","2020-11-09","17.2333333","78.4166666","617.0","HYDERABAD INTERNATIONAL AIRPORT, IN","  72.1","24","  54.1","24","9999.9"," 0","999.9"," 0","  3.3","24","  3.8","24","  6.0","999.9","  84.2","*","  60.8","*"," 0.00","I","999.9","000000"
"43128599999","2020-11-10","17.2333333","78.4166666","617.0","HYDERABAD INTERNATIONAL AIRPORT, IN","  70.6","24","  53.9","24","9999.9"," 0","999.9"," 0","  2.7","24","  5.3","24","  8.0","999.9","  82.4","*","  60.8","*"," 0.00","I","999.9","000000"
"43128599999","2020-11-11","17.2333333","78.4166666","617.0","HYDERABAD INTERNATIONAL AIRPORT, IN","  74.0","24","  63.4","24","9999.9"," 0","999.9"," 0","  3.4","24","  4.6","24","  7.0","999.9","  86.0","*","  59.0","*"," 0.00","I","999.9","000000"
"43128599999","2020-11-12","17.2333333","78.4166666","617.0","HYDERABAD INTERNATIONAL AIRPORT, IN","  74.8","24","  68.1","24","9999.9"," 0","999.9"," 0","  3.4","24","  5.5","24","  8.0","999.9","  80.6","*","  68.0","*","99.99"," ","999.9","010000"
"43128599999","2020-11-13","17.2333333","78.4166666","617.0","HYDERABAD INTERNATIONAL AIRPORT, IN","  75.6","24","  71.4","24","9999.9"," 0","999.9"," 0","  3.5","24","  4.3","24","  6.0","999.9","  82.4","*","  68.0","*"," 0.00","I","999.9","000000"
"43128599999","2020-11-14","17.2333333","78.4166666","617.0","HYDERABAD INTERNATIONAL AIRPORT, IN","  76.3","24","  70.1","24","9999.9"," 0","999.9"," 0","  3.6","24","  4.1","24","  6.0","999.9","  87.8","*","  66.2","*"," 0.00","I","999.9","000000"
"43128599999","2020-11-15","17.2333333","78.4166666","617.0","HYDERABAD INTERNATIONAL AIRPORT, IN","  76.3","24","  67.7","24","9999.9"," 0","999.9"," 0","  3.6","24","  4.7","24","  7.0","999.9","  86.0","*","  66.2","*"," 0.00","I","999.9","000000"
"43128599999","2020-11-16","17.2333333","78.4166666","617.0","HYDERABAD INTERNATIONAL AIRPORT, IN","  75.7","23","  68.2","23","9999.9"," 0","999.9"," 0","  3.1","23","  6.7","22"," 12.0","999.9","  84.2","*","  69.8","*"," 0.00","I","999.9","000000"
"43128599999","2020-11-17","17.2333333","78.4166666","617.0","HYDERABAD INTERNATIONAL AIRPORT, IN","  75.2","24","  64.2","24","9999.9"," 0","999.9"," 0","  3.3","24","  4.8","24","  7.0","999.9","  86.0","*","  66.2","*"," 0.00","I","999.9","000000"
"43128599999","2020-11-18","17.2333333","78.4166666","617.0","HYDERABAD INTERNATIONAL AIRPORT, IN","  76.5","19","  70.7","19","9999.9"," 0","999.9"," 0","  2.8","19","  4.4","19","  5.1","999.9","  86.0","*","  68.0","*"," 0.00","I","999.9","000000"
"43128599999","2020-11-19","17.2333333","78.4166666","617.0","HYDERABAD INTERNATIONAL AIRPORT, IN","  76.7","24","  70.8","24","9999.9"," 0","999.9"," 0","  3.3","24","  4.6","24","  6.0","999.9","  86.0","*","  66.2","*"," 0.00","I","999.9","000000"
"43128599999","2020-11-20","17.2333333","78.4166666","617.0","HYDERABAD INTERNATIONAL AIRPORT, IN","  75.5","24","  65.9","24","9999.9"," 0","999.9"," 0","  3.5","24","  4.3","24","  5.1","999.9","  89.6","*","  64.4","*"," 0.00","I","999.9","000000"
"43128599999","2020-11-21","17.2333333","78.4166666","617.0","HYDERABAD INTERNATIONAL AIRPORT, IN","  77.5","24","  65.8","24","9999.9"," 0","999.9"," 0","  3.6","24","  4.3","24","  5.1","999.9","  87.8","*","  66.2","*"," 0.00","I","999.9","000000"
"43128599999","2020-11-22","17.2333333","78.4166666","617.0","HYDERABAD INTERNATIONAL AIRPORT, IN","  76.2","24","  69.6","24","9999.9"," 0","999.9"," 0","  2.9","24","  4.1","24","  5.1","999.9","  84.2","*","  66.2","*"," 0.00","I","999.9","000000"
"43128599999","2020-11-23","17.2333333","78.4166666","617.0","HYDERABAD INTERNATIONAL AIRPORT, IN","  73.4","24","  63.2","24","9999.9"," 0","999.9"," 0","  3.1","24","  4.8","24","  7.0","999.9","  82.4","*","  66.2","*"," 0.00","I","999.9","000000"
"43128599999","2020-11-24","17.2333333","78.4166666","617.0","HYDERABAD INTERNATIONAL AIRPORT, IN","  71.5","24","  62.9","24","9999.9"," 0","999.9"," 0","  3.1","24","  4.8","24","  8.0","999.9","  82.4","*","  64.4","*"," 0.00","I","999.9","000000"
"43128599999","2020-11-25","17.2333333","78.4166666","617.0","HYDERABAD INTERNATIONAL AIRPORT, IN","  73.9","24","  67.0","24","9999.9"," 0","999.9"," 0","  3.0","24","  6.4","24","  9.9","999.9","  84.2","*","  62.6","*","99.99"," ","999.9","010000"
"43128599999","2020-11-26","17.2333333","78.4166666","617.0","HYDERABAD INTERNATIONAL AIRPORT, IN","  70.7","24","  67.1","24","9999.9"," 0","999.9"," 0","  2.5","24","  7.0","24","  8.9","999.9","  75.2","*","  66.2","*","99.99"," ","999.9","010000"
"43128599999","2020-11-27","17.2333333","78.4166666","617.0","HYDERABAD INTERNATIONAL AIRPORT, IN","  67.4","24","  65.4","24","9999.9"," 0","999.9"," 0","  1.8","24","  9.2","24"," 12.0","999.9","  71.6","*","  64.4","*","99.99"," ","999.9","010000"
"43128599999","2020-11-28","17.2333333","78.4166666","617.0","HYDERABAD INTERNATIONAL AIRPORT, IN","  69.4","24","  67.2","24","9999.9"," 0","999.9"," 0","  2.5","24","  6.7","24","  9.9","999.9","  75.2","*","  64.4","*","99.99"," ","999.9","010000"
"43128599999","2020-11-29","17.2333333","78.4166666","617.0","HYDERABAD INTERNATIONAL AIRPORT, IN","  72.9","24","  69.3","24","9999.9"," 0","999.9"," 0","  3.2","24","  5.1","24","  7.0","999.9","  82.4","*","  66.2","*"," 0.00","I","999.9","000000"
"43128599999","2020-11-30","17.2333333","78.4166666","617.0","HYDERABAD INTERNATIONAL AIRPORT, IN","  73.5","24","  67.5","24","9999.9"," 0","999.9"," 0","  3.0","24","  4.4","24","  5.1","999.9","  84.2","*","  66.2","*"," 0.00","I","999.9","000000"
"43128599999","2020-12-01","17.2333333","78.4166666","617.0","HYDERABAD INTERNATIONAL AIRPORT, IN","  72.0","24","  64.5","24","9999.9"," 0","999.9"," 0","  3.2","24","  4.5","24","  6.0","999.9","  82.4","*","  64.4","*"," 0.00","I","999.9","000000"
"43128599999","2020-12-02","17.2333333","78.4166666","617.0","HYDERABAD INTERNATIONAL AIRPORT, IN","  71.8","24","  62.2","24","9999.9"," 0","999.9"," 0","  3.4","24","  4.7","24","  8.9","999.9","  84.2","*","  62.6","*"," 0.00","I","999.9","000000"
"43128599999","2020-12-03","17.2333333","78.4166666","617.0","HYDERABAD INTERNATIONAL AIRPORT, IN","  72.1","24","  66.8","24","9999.9"," 0","999.9"," 0","  3.4","24","  4.2","24","  5.1","999.9","  82.4","*","  64.4","*"," 0.00","I","999.9","000000"
"43128599999","2020-12-04","17.2333333","78.4166666","617.0","HYDERABAD INTERNATIONAL AIRPORT, IN","  72.5","24","  65.8","24","9999.9"," 0","999.9"," 0","  2.9","24","  4.6","24","  6.0","999.9","  82.4","*","  62.6","*"," 0.00","I","999.9","000000"
"43128599999","2020-12-05","17.2333333","78.4166666","617.0","HYDERABAD INTERNATIONAL AIRPORT, IN","  71.6","24","  59.6","24","9999.9"," 0","999.9"," 0","  3.3","24","  5.1","24","  6.0","999.9","  84.2","*","  59.0","*"," 0.00","I","999.9","000000"
"43128599999","2020-12-06","17.2333333","78.4166666","617.0","HYDERABAD INTERNATIONAL AIRPORT, IN","  72.1","24","  63.6","24","9999.9"," 0","999.9"," 0","  3.5","24","  4.1","24","  8.0","999.9","  84.2","*","  60.8","*"," 0.00","I","999.9","000000"
"43128599999","2020-12-07","17.2333333","78.4166666","617.0","HYDERABAD INTERNATIONAL AIRPORT, IN","  73.1","24","  64.2","24","9999.9"," 0","999.9"," 0","  3.4","24","  5.0","24","  7.0","999.9","  84.2","*","  62.6","*"," 0.00","I","999.9","000000"
"43128599999","2020-12-08","17.2333333","78.4166666","617.0","HYDERABAD INTERNATIONAL AIRPORT, IN","  72.4","24","  57.9","24","9999.9"," 0","999.9"," 0","  3.2","24","  4.4","24","  7.0","999.9","  84.2","*","  62.6","*"," 0.00","I","999.9","000000"
"43128599999","2020-12-09","17.2333333","78.4166666","617.0","HYDERABAD INTERNATIONAL AIRPORT, IN","  71.8","24","  57.0","24","9999.9"," 0","999.9"," 0","  3.5","24","  4.4","24","  6.0","999.9","  84.2","*","  60.8","*"," 0.00","I","999.9","000000"
"43128599999","2020-12-10","17.2333333","78.4166666","617.0","HYDERABAD INTERNATIONAL AIRPORT, IN","  73.0","24","  60.5","24","9999.9"," 0","999.9"," 0","  3.5","24","  5.2","24","  6.0","999.9","  86.0","*","  59.0","*"," 0.00","I","999.9","000000"
"43128599999","2020-12-11","17.2333333","78.4166666","617.0","HYDERABAD INTERNATIONAL AIRPORT, IN","  72.0","24","  58.6","24","9999.9"," 0","999.9"," 0","  3.3","24","  4.6","24","  5.1","999.9","  86.0","*","  59.0","*"," 0.00","I","999.9","000000"
"43128599999","2020-12-12","17.2333333","78.4166666","617.0","HYDERABAD INTERNATIONAL AIRPORT, IN","  71.2","24","  63.8","24","9999.9"," 0","999.9"," 0","  3.2","24","  3.0","24","  4.1","999.9","  84.2","*","  60.8","*"," 0.00","I","999.9","000000"
"43128599999","2020-12-13","17.2333333","78.4166666","617.0","HYDERABAD INTERNATIONAL AIRPORT, IN","  70.9","24","  62.0","24","9999.9"," 0","999.9"," 0","  2.9","24","  4.4","24","  5.1","999.9","  84.2","*","  59.0","*"," 0.00","I","999.9","000000"
"43128599999","2020-12-14","17.2333333","78.4166666","617.0","HYDERABAD INTERNATIONAL AIRPORT, IN","  71.9","24","  61.4","24","9999.9"," 0","999.9"," 0","  3.1","24","  6.1","24","  8.0","999.9","  84.2","*","  60.8","*"," 0.00","I","999.9","000000"
"43128599999","2020-12-15","17.2333333","78.4166666","617.0","HYDERABAD INTERNATIONAL AIRPORT, IN","  71.5","24","  64.5","24","9999.9"," 0","999.9"," 0","  3.1","24","  4.6","24","  5.1","999.9","  82.4","*","  60.8","*"," 0.00","I","999.9","100000"
"43128599999","2020-12-16","17.2333333","78.4166666","617.0","HYDERABAD INTERNATIONAL AIRPORT, IN","  71.6","24","  66.2","24","9999.9"," 0","999.9"," 0","  2.5","24","  4.1","24","  6.0","999.9","  80.6","*","  64.4","*"," 0.00","I","999.9","100000"
"43128599999","2020-12-17","17.2333333","78.4166666","617.0","HYDERABAD INTERNATIONAL AIRPORT, IN","  72.8","24","  65.1","24","9999.9"," 0","999.9"," 0","  2.6","24","  4.5","24","  6.0","999.9","  82.4","*","  64.4","*"," 0.00","I","999.9","000000"
"43128599999","2020-12-18","17.2333333","78.4166666","617.0","HYDERABAD INTERNATIONAL AIRPORT, IN","  73.2","24","  65.5","24","9999.9"," 0","999.9"," 0","  2.6","24","  4.8","24","  6.0","999.9","  84.2","*","  64.4","*"," 0.00","I","999.9","000000"
"43128599999","2020-12-19","17.2333333","78.4166666","617.0","HYDERABAD INTERNATIONAL AIRPORT, IN","  70.8","24","  61.7","24","9999.9"," 0","999.9"," 0","  3.0","24","  4.9","24","  6.0","999.9","  80.6","*","  62.6","*"," 0.00","I","999.9","000000"
"43128599999","2020-12-20","17.2333333","78.4166666","617.0","HYDERABAD INTERNATIONAL AIRPORT, IN","  69.9","24","  57.3","24","9999.9"," 0","999.9"," 0","  2.9","24","  4.4","24","  6.0","999.9","  80.6","*","  60.8","*"," 0.00","I","999.9","000000"
"43128599999","2020-12-21","17.2333333","78.4166666","617.0","HYDERABAD INTERNATIONAL AIRPORT, IN","  68.4","24","  48.6","24","9999.9"," 0","999.9"," 0","  3.5","24","  5.2","24","  8.0","999.9","  80.6","*","  57.2","*"," 0.00","I","999.9","000000"
"43128599999","2020-12-22","17.2333333","78.4166666","617.0","HYDERABAD INTERNATIONAL AIRPORT, IN","  67.5","24","  50.6","24","9999.9"," 0","999.9"," 0","  3.4","24","  4.1","24","  7.0","999.9","  82.4","*","  57.2","*"," 0.00","I","999.9","000000"
"43128599999","2020-12-23","17.2333333","78.4166666","617.0","HYDERABAD INTERNATIONAL AIRPORT, IN","  68.1","24","  57.3","24","9999.9"," 0","999.9"," 0","  3.3","24","  4.5","24","  5.1","999.9","  82.4","*","  53.6","*"," 0.00","I","999.9","000000"
"43128599999","2020-12-24","17.2333333","78.4166666","617.0","HYDERABAD INTERNATIONAL AIRPORT, IN","  68.8","24","  60.5","24","9999.9"," 0","999.9"," 0","  3.0","24","  4.5","24","  5.1","999.9","  82.4","*","  57.2","*"," 0.00","I","999.9","000000"
"43128599999","2020-12-25","17.2333333","78.4166666","617.0","HYDERABAD INTERNATIONAL AIRPORT, IN","  67.9","24","  62.5","24","9999.9"," 0","999.9"," 0","  2.3","24","  4.1","24","  6.0","999.9","  78.8","*","  59.0","*"," 0.00","I","999.9","000000"
"43128599999","2020-12-26","17.2333333","78.4166666","617.0","HYDERABAD INTERNATIONAL AIRPORT, IN","  69.7","24","  62.1","24","9999.9"," 0","999.9"," 0","  2.2","24","  4.5","24","  6.0","999.9","  82.4","*","  60.8","*"," 0.00","I","999.9","000000"
"43128599999","2020-12-27","17.2333333","78.4166666","617.0","HYDERABAD INTERNATIONAL AIRPORT, IN","  70.9","24","  60.6","24","9999.9"," 0","999.9"," 0","  2.4","24","  4.4","24","  6.0","999.9","  84.2","*","  60.8","*"," 0.00","I","999.9","000000"
"43128599999","2020-12-28","17.2333333","78.4166666","617.0","HYDERABAD INTERNATIONAL AIRPORT, IN","  70.6","24","  61.6","24","9999.9"," 0","999.9"," 0","  2.7","24","  4.5","24","  6.0","999.9","  84.2","*","  59.0","*"," 0.00","I","999.9","000000"
"43128599999","2020-12-29","17.2333333","78.4166666","617.0","HYDERABAD INTERNATIONAL AIRPORT, IN","  70.8","24","  63.4","24","9999.9"," 0","999.9"," 0","  2.7","24","  4.5","24","  6.0","999.9","  82.4","*","  62.6","*"," 0.00","I","999.9","000000"
"43128599999","2020-12-30","17.2333333","78.4166666","617.0","HYDERABAD INTERNATIONAL AIRPORT, IN","  71.3","24","  64.6","24","9999.9"," 0","999.9"," 0","  2.3","24","  4.6","24","  5.1","999.9","  80.6","*","  62.6","*"," 0.00","I","999.9","000000"
"43128599999","2020-12-31","17.2333333","78.4166666","617.0","HYDERABAD INTERNATIONAL AIRPORT, IN","  69.9","24","  66.2","24","9999.9"," 0","999.9"," 0","  2.1","24","  4.2","24","  5.1","999.9","  78.8","*","  64.4","*"," 0.00","I","999.9","000000"
