"STATION","DATE","LATITUDE","LONGITUDE","ELEVATION","NAME","TEMP","TEMP_ATTRIBUTES","DEWP","DEWP_ATTRIBUTES","SLP","SLP_ATTRIBUTES","STP","STP_ATTRIBUTES","VISIB","VISIB_ATTRIBUTES","WDSP","WDSP_ATTRIBUTES","MXSPD","GUST","MAX","MAX_ATTRIBUTES","MIN","MIN_ATTRIBUTES","PRCP","PRCP_ATTRIBUTES","SNDP","FRSHTT"
"72520804855","2020-01-01","40.61611","-83.06361","303.0","MARION MUNICIPAL AIRPORT, OH US","  32.7","24","  25.5","24","1011.6","16","974.7","24","  9.3","24","  9.8","24"," 15.9"," 22.9","  41.0","*","  28.4","*"," 0.02","G","999.9","010000"
"72520804855","2020-01-02","40.61611","-83.06361","303.0","MARION MUNICIPAL AIRPORT, OH US","  39.8","24","  29.0","24","1008.8","24","972.4","24"," 10.0","24"," 12.7","24"," 15.0"," 21.0","  48.9"," ","  28.9"," "," 0.00","G","999.9","000000"
"72520804855","2020-01-03","40.61611","-83.06361","303.0","MARION MUNICIPAL AIRPORT, OH US","  46.4","24","  44.6","24","1007.9"," 9","971.7","24","  3.3","24","  3.7","24"," 12.0","999.9","  48.9"," ","  34.0"," "," 0.25","G","999.9","110000"
"72520804855","2020-01-04","40.61611","-83.06361","303.0","MARION MUNICIPAL AIRPORT, OH US","  38.8","24","  36.2","24","1009.8","12","973.5","24","  2.6","24","  8.2","24"," 12.0"," 15.0","  48.0"," ","  32.0"," "," 0.14","G","999.9","111000"
"72520804855","2020-01-05","40.61611","-83.06361","303.0","MARION MUNICIPAL AIRPORT, OH US","  32.4","24","  25.4","24","1019.1","20","981.9","24","  9.6","24"," 10.4","24"," 18.1"," 22.0","  42.1"," ","  28.9"," "," 0.01","G","999.9","000000"
"72520804855","2020-01-06","40.61611","-83.06361","303.0","MARION MUNICIPAL AIRPORT, OH US","  37.2","24","  27.1","24","1018.5","22","981.5","24","  9.8","24"," 10.6","24"," 15.0"," 22.9","  42.1"," ","  28.9"," "," 0.00","G","999.9","000000"
"72520804855","2020-01-07","40.61611","-83.06361","303.0","MARION MUNICIPAL AIRPORT, OH US","  33.9","24","  22.1","24","1017.3","24","980.4","24","  9.9","24","  6.2","24"," 13.0"," 19.0","  44.1"," ","  25.0"," "," 0.00","G","999.9","000000"
"72520804855","2020-01-08","40.61611","-83.06361","303.0","MARION MUNICIPAL AIRPORT, OH US","  30.4","24","  18.9","24","1022.3","24","985.2","24"," 10.0","24"," 11.2","24"," 17.1"," 24.1","  44.1"," ","  21.0"," "," 0.00","G","999.9","001000"
"72520804855","2020-01-09","40.61611","-83.06361","303.0","MARION MUNICIPAL AIRPORT, OH US","  29.9","24","  17.0","24","1031.2","24","993.5","24"," 10.0","24"," 10.3","24"," 18.1"," 25.1","  48.0"," ","  19.0"," "," 0.00","G","999.9","000000"
"72520804855","2020-01-10","40.61611","-83.06361","303.0","MARION MUNICIPAL AIRPORT, OH US","  48.6","24","  39.5","24","1023.4","22","986.8","24","  7.8","24"," 13.2","24"," 19.0"," 28.9","  52.0","*","  44.1","*"," 0.24","G","999.9","010000"
"72520804855","2020-01-11","40.61611","-83.06361","303.0","MARION MUNICIPAL AIRPORT, OH US","  57.9","24","  51.9","24","1011.9","23","975.8","24","  9.3","24"," 16.1","24"," 26.0"," 35.0","  66.9"," ","  44.1"," "," 0.67","G","999.9","010000"
"72520804855","2020-01-12","40.61611","-83.06361","303.0","MARION MUNICIPAL AIRPORT, OH US","  40.7","23","  36.4","23","1021.2","14","982.6","23","  9.4","22","  9.5","23"," 22.0"," 28.0","  60.1","*","  33.8","*"," 0.00","G","999.9","010000"
"72520804855","2020-01-13","40.61611","-83.06361","303.0","MARION MUNICIPAL AIRPORT, OH US","  39.6","24","  34.1","24","1027.2","19","989.8","24","  9.4","24","  5.5","24","  9.9","999.9","  42.1","*","  36.0","*"," 0.00","G","999.9","000000"
"72520804855","2020-01-14","40.61611","-83.06361","303.0","MARION MUNICIPAL AIRPORT, OH US","  38.1","24","  33.7","24","1022.3","21","985.6","24","  6.6","24","  7.9","24"," 14.0"," 21.0","  48.0","*","  32.0","*"," 0.00","G","999.9","000000"
"72520804855","2020-01-15","40.61611","-83.06361","303.0","MARION MUNICIPAL AIRPORT, OH US","  37.6","24","  35.8","24","1022.4","12","984.0","24","  1.9","24","  6.3","24"," 13.0","999.9","  48.2","*","  30.9","*"," 0.00","G","999.9","110000"
"72520804855","2020-01-16","40.61611","-83.06361","303.0","MARION MUNICIPAL AIRPORT, OH US","  36.7","24","  29.8","24","1027.1","18","989.0","24","  7.5","24"," 14.0","24"," 20.0"," 28.9","  48.0"," ","  27.0"," "," 0.02","G","999.9","010000"
"72520804855","2020-01-17","40.61611","-83.06361","303.0","MARION MUNICIPAL AIRPORT, OH US","  25.2","24","  14.7","24","1040.8","20","003.2","24"," 10.0","24","  8.8","24"," 14.0"," 24.1","  39.9"," ","  19.0"," "," 0.00","G","999.9","000000"
"72520804855","2020-01-18","40.61611","-83.06361","303.0","MARION MUNICIPAL AIRPORT, OH US","  32.9","24","  27.9","24","1021.1","13","982.4","24","  6.3","24"," 14.3","24"," 25.1"," 38.1","  44.1"," ","  19.0"," "," 0.28","G","999.9","011000"
"72520804855","2020-01-19","40.61611","-83.06361","303.0","MARION MUNICIPAL AIRPORT, OH US","  19.0","24","  11.7","24","1017.6","17","981.6","24","  5.9","24"," 14.5","24"," 22.9"," 33.0","  44.1"," ","  12.0"," "," 0.49","G","999.9","001000"
"72520804855","2020-01-20","40.61611","-83.06361","303.0","MARION MUNICIPAL AIRPORT, OH US","  16.4","24","  10.0","24","1033.4","20","994.5","24","  7.3","24","  5.9","24"," 11.1"," 17.1","  27.0"," ","  10.0"," "," 0.00","G","999.9","001000"
"72520804855","2020-01-21","40.61611","-83.06361","303.0","MARION MUNICIPAL AIRPORT, OH US","  19.5","24","  12.1","24","1036.7","19","998.4","24","  9.7","24","  3.6","24","  8.0","999.9","  26.1"," ","  10.0"," "," 0.00","G","999.9","000000"
"72520804855","2020-01-22","40.61611","-83.06361","303.0","MARION MUNICIPAL AIRPORT, OH US","  22.8","24","  14.8","24","1031.0","24","993.0","24","  8.3","24","  6.9","24"," 14.0"," 17.1","  35.1"," ","  10.9"," "," 0.00","I","999.9","000000"
"72520804855","2020-01-23","40.61611","-83.06361","303.0","MARION MUNICIPAL AIRPORT, OH US","  33.7","24","  20.1","24","1024.3","24","987.1","24"," 10.0","24","  7.1","24","  8.9","999.9","  43.0"," ","  14.0"," "," 0.00","G","999.9","000000"
"72520804855","2020-01-24","40.61611","-83.06361","303.0","MARION MUNICIPAL AIRPORT, OH US","  41.4","24","  34.4","24","1016.5","19","979.1","24","  7.1","24","  9.5","24"," 15.0"," 19.0","  46.4","*","  36.0","*"," 0.00","G","999.9","010000"
"72520804855","2020-01-25","40.61611","-83.06361","303.0","MARION MUNICIPAL AIRPORT, OH US","  37.2","24","  35.0","24","1012.0","12","975.4","24","  5.3","24","  7.2","24"," 15.0"," 22.0","  46.0"," ","  33.1"," "," 0.31","G","999.9","011000"
"72520804855","2020-01-26","40.61611","-83.06361","303.0","MARION MUNICIPAL AIRPORT, OH US","  32.6","24","  29.2","24","1013.4","20","976.6","24","  7.6","24"," 10.6","24"," 14.0"," 19.0","  39.9"," ","  32.0"," "," 0.02","G","999.9","001000"
"72520804855","2020-01-27","40.61611","-83.06361","303.0","MARION MUNICIPAL AIRPORT, OH US","  32.8","24","  29.4","24","1012.6","14","975.8","24","  5.6","24","  6.9","24","  8.9","999.9","  34.0"," ","  30.9"," "," 0.00","G","999.9","001000"
"72520804855","2020-01-28","40.61611","-83.06361","303.0","MARION MUNICIPAL AIRPORT, OH US","  32.4","24","  28.2","24","1017.5","16","980.6","24","  7.8","24","  6.1","24","  9.9","999.9","  33.8","*","  30.2","*"," 0.00","G","999.9","001000"
"72520804855","2020-01-29","40.61611","-83.06361","303.0","MARION MUNICIPAL AIRPORT, OH US","  31.8","24","  25.0","24","1021.7","21","984.4","24","  9.6","24","  3.6","24","  8.0","999.9","  32.0","*","  30.2","*"," 0.01","G","999.9","000000"
"72520804855","2020-01-30","40.61611","-83.06361","303.0","MARION MUNICIPAL AIRPORT, OH US","  30.5","24","  22.6","24","1023.5","24","986.3","24","  9.8","24","  3.8","24","  7.0","999.9","  32.0"," ","  30.0"," "," 0.00","G","999.9","000000"
"72520804855","2020-01-31","40.61611","-83.06361","303.0","MARION MUNICIPAL AIRPORT, OH US","  31.5","24","  24.6","24","1023.4","21","986.1","24","  7.0","24","  2.5","24","  5.1","999.9","  34.0"," ","  28.9"," "," 0.00","G","999.9","001000"
"72520804855","2020-02-01","40.61611","-83.06361","303.0","MARION MUNICIPAL AIRPORT, OH US","  32.8","24","  28.5","24","1018.4","17","979.7","24","  4.4","24","  3.3","24"," 11.1","999.9","  36.0"," ","  28.9"," "," 0.00","G","999.9","011000"
"72520804855","2020-02-02","40.61611","-83.06361","303.0","MARION MUNICIPAL AIRPORT, OH US","  40.9","24","  32.2","24","1003.8","22","968.4","24","  8.4","24"," 12.5","24"," 18.1"," 31.1","  57.9"," ","  30.9"," "," 0.04","G","999.9","000000"
"72520804855","2020-02-03","40.61611","-83.06361","303.0","MARION MUNICIPAL AIRPORT, OH US","  46.8","24","  36.7","24","1008.8","24","972.7","24","  9.8","24","  8.2","24"," 17.1"," 22.9","  61.0"," ","  30.0"," "," 0.00","G","999.9","000000"
"72520804855","2020-02-04","40.61611","-83.06361","303.0","MARION MUNICIPAL AIRPORT, OH US","  46.8","24","  37.9","24","1008.7","16","973.7","24","  7.4","24"," 11.6","24"," 22.0"," 27.0","  61.0"," ","  30.0"," "," 0.00","G","999.9","011000"
"72520804855","2020-02-05","40.61611","-83.06361","303.0","MARION MUNICIPAL AIRPORT, OH US","  31.1","24","  24.5","24","1016.9","20","980.7","24","  9.5","24"," 14.1","24"," 19.0"," 24.1","  33.1","*","  28.4","*"," 0.37","G","999.9","011000"
"72520804855","2020-02-06","40.61611","-83.06361","303.0","MARION MUNICIPAL AIRPORT, OH US","  30.0","24","  27.6","24","1001.3"," 9","966.3","24","  4.3","24"," 10.1","24"," 19.0"," 24.1","  34.0"," ","  28.0"," "," 0.16","G","999.9","111000"
"72520804855","2020-02-07","40.61611","-83.06361","303.0","MARION MUNICIPAL AIRPORT, OH US","  27.3","24","  22.9","24","1001.7","13","963.6","24","  6.7","24"," 10.9","24"," 15.9"," 22.9","  32.0"," ","  26.1"," "," 0.05","G","999.9","101000"
"72520804855","2020-02-08","40.61611","-83.06361","303.0","MARION MUNICIPAL AIRPORT, OH US","  27.4","24","  23.0","24","1018.4","17","982.1","24","  5.9","24","  6.9","24","  9.9","999.9","  32.0"," ","  19.0"," "," 0.01","G","999.9","001000"
"72520804855","2020-02-09","40.61611","-83.06361","303.0","MARION MUNICIPAL AIRPORT, OH US","  30.6","24","  26.6","24","1027.1","20","989.3","24","  4.8","24","  8.7","24"," 22.0"," 29.9","  34.0"," ","  19.0"," "," 0.00","G","999.9","101000"
"72520804855","2020-02-10","40.61611","-83.06361","303.0","MARION MUNICIPAL AIRPORT, OH US","  37.7","24","  34.7","24","1016.9","10","980.7","24","  5.0","24","  8.8","24"," 19.0"," 25.1","  41.0"," ","  23.0"," "," 0.13","G","999.9","010000"
"72520804855","2020-02-11","40.61611","-83.06361","303.0","MARION MUNICIPAL AIRPORT, OH US","  34.3","24","  29.6","24","1018.8","16","981.9","24","  4.0","24","  6.0","24"," 11.1","999.9","  41.0"," ","  32.0"," "," 0.05","G","999.9","100000"
"72520804855","2020-02-12","40.61611","-83.06361","303.0","MARION MUNICIPAL AIRPORT, OH US","  31.2","24","  24.8","24","1021.1","21","983.6","24","  7.3","24","  5.7","24","  9.9"," 17.1","  39.0"," ","  23.0"," "," 0.00","G","999.9","001000"
"72520804855","2020-02-13","40.61611","-83.06361","303.0","MARION MUNICIPAL AIRPORT, OH US","  31.9","24","  29.1","24","1012.6"," 7","973.9","24","  3.0","24","  8.3","24"," 15.9"," 22.9","  35.1"," ","  23.0"," "," 0.33","G","999.9","111000"
"72520804855","2020-02-14","40.61611","-83.06361","303.0","MARION MUNICIPAL AIRPORT, OH US","  18.4","24","   7.7","24","1032.5","18","992.9","24","  9.3","24","  7.8","24"," 15.9"," 19.0","  33.1"," ","  12.0"," "," 0.01","G","999.9","001000"
"72520804855","2020-02-15","40.61611","-83.06361","303.0","MARION MUNICIPAL AIRPORT, OH US","  17.7","24","   7.7","24","1030.7","24","992.5","24"," 10.0","24","  9.1","24"," 18.1"," 25.1","  35.1"," ","   7.0"," "," 0.00","G","999.9","000000"
"72520804855","2020-02-16","40.61611","-83.06361","303.0","MARION MUNICIPAL AIRPORT, OH US","  36.5","24","  26.1","24","1020.3","23","983.3","24","  9.7","24","  7.3","24"," 14.0","999.9","  41.0","*","  34.0","*"," 0.00","G","999.9","000000"
"72520804855","2020-02-17","40.61611","-83.06361","303.0","MARION MUNICIPAL AIRPORT, OH US","  32.7","24","  25.5","24","1022.0","21","984.9","24","  6.1","24","  4.6","24"," 12.0","999.9","  45.0"," ","  23.0"," "," 0.00","G","999.9","000000"
"72520804855","2020-02-18","40.61611","-83.06361","303.0","MARION MUNICIPAL AIRPORT, OH US","  42.5","24","  35.8","24","1015.6","17","979.3","24","  8.0","24","  9.6","24"," 15.0"," 20.0","  48.9"," ","  23.0"," "," 0.11","G","999.9","010000"
"72520804855","2020-02-19","40.61611","-83.06361","303.0","MARION MUNICIPAL AIRPORT, OH US","  30.0","24","  21.6","24","1030.4","23","993.1","24","  8.4","24","  6.4","24"," 14.0","999.9","  48.9"," ","  25.0"," "," 0.04","G","999.9","000000"
"72520804855","2020-02-20","40.61611","-83.06361","303.0","MARION MUNICIPAL AIRPORT, OH US","  24.2","24","  13.0","24","1035.0","24","997.2","24","  9.9","24","  7.5","24"," 13.0"," 15.0","  34.0"," ","  19.9"," "," 0.00","G","999.9","000000"
"72520804855","2020-02-21","40.61611","-83.06361","303.0","MARION MUNICIPAL AIRPORT, OH US","  21.7","24","  11.3","24","1036.6","24","998.4","24"," 10.0","24","  4.7","24"," 11.1","999.9","  34.0"," ","  14.0"," "," 0.00","G","999.9","000000"
"72520804855","2020-02-22","40.61611","-83.06361","303.0","MARION MUNICIPAL AIRPORT, OH US","  31.3","24","  14.3","24","1028.8","24","991.2","24"," 10.0","24","  9.6","24"," 15.9"," 22.0","  46.9"," ","  14.0"," "," 0.00","G","999.9","000000"
"72520804855","2020-02-23","40.61611","-83.06361","303.0","MARION MUNICIPAL AIRPORT, OH US","  35.6","24","  20.3","24","1021.2","24","984.2","24"," 10.0","24","  9.9","24"," 15.9"," 20.0","  50.0"," ","  17.1"," "," 0.00","G","999.9","000000"
"72520804855","2020-02-24","40.61611","-83.06361","303.0","MARION MUNICIPAL AIRPORT, OH US","  38.4","24","  29.3","24","1015.7","20","978.6","24","  8.5","24","  6.9","24","  8.9","999.9","  50.0"," ","  26.1"," "," 0.00","G","999.9","010000"
"72520804855","2020-02-25","40.61611","-83.06361","303.0","MARION MUNICIPAL AIRPORT, OH US","  38.4","24","  36.1","24","1009.7","13","973.3","24","  4.0","24","  8.5","24"," 13.0","999.9","  44.1"," ","  30.0"," "," 0.25","G","999.9","010000"
"72520804855","2020-02-26","40.61611","-83.06361","303.0","MARION MUNICIPAL AIRPORT, OH US","  33.6","24","  31.4","24","1011.9"," 9","974.4","24","  3.2","24","  8.3","24"," 14.0"," 21.0","  36.0","*","  30.0","*"," 0.23","G","999.9","111000"
"72520804855","2020-02-27","40.61611","-83.06361","303.0","MARION MUNICIPAL AIRPORT, OH US","  25.1","24","  18.1","24","1015.8","13","977.3","24","  5.3","24"," 14.0","24"," 19.0"," 31.1","  35.1"," ","  19.0"," "," 0.10","G","999.9","001000"
"72520804855","2020-02-28","40.61611","-83.06361","303.0","MARION MUNICIPAL AIRPORT, OH US","  23.4","24","  15.2","24","1015.9","21","978.8","24","  8.5","24"," 10.1","24"," 15.9"," 22.0","  28.0"," ","  19.0"," "," 0.00","G","999.9","001000"
"72520804855","2020-02-29","40.61611","-83.06361","303.0","MARION MUNICIPAL AIRPORT, OH US","  23.1","24","  12.9","24","1020.4","24","982.8","24","  9.9","24","  9.7","24"," 14.0"," 20.0","  30.9"," ","  18.0"," "," 0.00","G","999.9","000000"
"72520804855","2020-03-01","40.61611","-83.06361","303.0","MARION MUNICIPAL AIRPORT, OH US","  30.8","24","  18.6","24","1020.9","24","983.6","24"," 10.0","24","  9.5","24"," 17.1"," 24.1","  48.0"," ","  18.0"," "," 0.00","G","999.9","000000"
"72520804855","2020-03-02","40.61611","-83.06361","303.0","MARION MUNICIPAL AIRPORT, OH US","  46.9","24","  38.3","24","1010.3","17","973.4","24","  7.1","24"," 10.3","24"," 14.0","999.9","  48.9","*","  44.1","*"," 0.00","G","999.9","010000"
"72520804855","2020-03-03","40.61611","-83.06361","303.0","MARION MUNICIPAL AIRPORT, OH US","  47.8","24","  44.2","24","1003.5","12","967.6","24","  4.8","24","  8.3","24"," 27.0"," 42.0","  51.1"," ","  41.0"," "," 0.29","G","999.9","110010"
"72520804855","2020-03-04","40.61611","-83.06361","303.0","MARION MUNICIPAL AIRPORT, OH US","  40.4","24","  30.9","24","1011.4","23","975.2","24"," 10.0","24","  9.3","24"," 15.0"," 24.1","  51.1"," ","  32.0"," "," 0.30","G","999.9","010000"
"72520804855","2020-03-05","40.61611","-83.06361","303.0","MARION MUNICIPAL AIRPORT, OH US","  37.2","24","  25.1","24","1019.0","24","982.2","24","  9.9","24","  5.9","24"," 13.0","999.9","  53.1"," ","  23.0"," "," 0.00","G","999.9","000000"
"72520804855","2020-03-06","40.61611","-83.06361","303.0","MARION MUNICIPAL AIRPORT, OH US","  37.1","24","  31.2","24","1016.5","16","979.8","24","  8.3","24"," 10.6","24"," 22.0"," 28.9","  53.1"," ","  23.0"," "," 0.01","G","999.9","011000"
"72520804855","2020-03-07","40.61611","-83.06361","303.0","MARION MUNICIPAL AIRPORT, OH US","  32.9","24","  21.5","24","1033.3","21","995.1","24","  9.9","24","  8.6","24"," 19.0"," 25.1","  43.0"," ","  28.0"," "," 0.03","G","999.9","000000"
"72520804855","2020-03-08","40.61611","-83.06361","303.0","MARION MUNICIPAL AIRPORT, OH US","  42.3","24","  24.7","24","1030.5","24","993.3","24"," 10.0","24"," 10.3","24"," 19.0"," 24.1","  61.0"," ","  28.0"," "," 0.00","G","999.9","000000"
"72520804855","2020-03-09","40.61611","-83.06361","303.0","MARION MUNICIPAL AIRPORT, OH US","  54.3","24","  33.0","24","1025.2","24","988.8","24"," 10.0","24"," 12.2","24"," 18.1"," 25.1","  64.0","*","  46.0","*"," 0.00","G","999.9","000000"
"72520804855","2020-03-10","40.61611","-83.06361","303.0","MARION MUNICIPAL AIRPORT, OH US","  52.4","24","  44.4","24","1018.5","19","982.0","24","  8.5","24"," 14.3","24"," 22.0"," 29.9","  60.1","*","  42.8","*"," 0.10","G","999.9","010000"
"72520804855","2020-03-11","40.61611","-83.06361","303.0","MARION MUNICIPAL AIRPORT, OH US","  41.5","24","  37.0","24","1020.0","18","983.9","24","  6.6","24","  4.1","24","  8.0","999.9","  50.0","*","  34.0","*"," 0.25","G","999.9","000000"
"72520804855","2020-03-12","40.61611","-83.06361","303.0","MARION MUNICIPAL AIRPORT, OH US","  49.2","24","  42.1","24","1013.9","22","977.8","24","  8.4","24","  5.0","24"," 12.0","999.9","  60.1"," ","  33.1"," "," 0.00","G","999.9","000000"
"72520804855","2020-03-13","40.61611","-83.06361","303.0","MARION MUNICIPAL AIRPORT, OH US","  49.2","24","  39.3","24","1016.1","20","978.1","24","  9.7","24"," 11.4","24"," 19.0"," 25.1","  57.9","*","  41.0","*"," 0.39","G","999.9","010010"
"72520804855","2020-03-14","40.61611","-83.06361","303.0","MARION MUNICIPAL AIRPORT, OH US","  36.9","24","  26.0","24","1030.5","21","993.4","24","  8.3","24","  4.3","24"," 11.1","999.9","  55.0"," ","  33.1"," "," 0.03","G","999.9","111000"
"72520804855","2020-03-15","40.61611","-83.06361","303.0","MARION MUNICIPAL AIRPORT, OH US","  35.1","24","  29.2","24","1034.1","19","996.2","24","  8.9","24"," 12.0","24"," 15.9"," 21.0","  45.0"," ","  30.9"," "," 0.05","G","999.9","001000"
"72520804855","2020-03-16","40.61611","-83.06361","303.0","MARION MUNICIPAL AIRPORT, OH US","  35.9","24","  25.7","24","1029.0","24","991.7","24"," 10.0","24","  5.3","24"," 11.1","999.9","  48.9"," ","  26.1"," "," 0.00","G","999.9","000000"
"72520804855","2020-03-17","40.61611","-83.06361","303.0","MARION MUNICIPAL AIRPORT, OH US","  42.0","24","  35.8","24","1023.5","16","986.3","24","  7.4","24","  7.2","24"," 12.0"," 15.0","  48.9"," ","  26.1"," "," 0.00","G","999.9","000000"
"72520804855","2020-03-18","40.61611","-83.06361","303.0","MARION MUNICIPAL AIRPORT, OH US","  36.9","24","  32.3","24","1027.2","18","988.6","24","  5.8","24","  6.1","24"," 13.0","999.9","  46.0"," ","  28.0"," "," 0.00","G","999.9","010000"
"72520804855","2020-03-19","40.61611","-83.06361","303.0","MARION MUNICIPAL AIRPORT, OH US","  45.4","24","  43.9","24","1019.6","13","983.0","24","  3.5","24","  6.9","24"," 17.1"," 25.1","  59.0"," ","  28.0"," "," 0.99","G","999.9","110000"
"72520804855","2020-03-20","40.61611","-83.06361","303.0","MARION MUNICIPAL AIRPORT, OH US","  60.1","24","  54.4","24","1013.9","20","977.6","24","  9.1","24"," 15.5","24"," 22.9"," 33.0","  66.9"," ","  39.0"," "," 0.55","G","999.9","010000"
"72520804855","2020-03-21","40.61611","-83.06361","303.0","MARION MUNICIPAL AIRPORT, OH US","  32.1","24","  23.7","24","1032.0","22","994.1","24"," 10.0","24"," 12.9","24"," 18.1"," 21.0","  42.8","*","  28.9","*"," 0.01","G","999.9","000000"
"72520804855","2020-03-22","40.61611","-83.06361","303.0","MARION MUNICIPAL AIRPORT, OH US","  31.1","24","  22.1","24","1033.4","23","995.5","24","  9.6","24","  6.8","24"," 11.1"," 15.0","  43.0"," ","  23.0"," "," 0.00","G","999.9","011000"
"72520804855","2020-03-23","40.61611","-83.06361","303.0","MARION MUNICIPAL AIRPORT, OH US","  39.1","24","  35.9","24","1021.8","18","984.4","24","  5.6","24","  5.6","24"," 11.1","999.9","  43.0"," ","  23.0"," "," 0.09","G","999.9","010000"
"72520804855","2020-03-24","40.61611","-83.06361","303.0","MARION MUNICIPAL AIRPORT, OH US","  41.6","24","  34.1","24","1021.4","22","984.3","24","  8.7","24","  4.8","24"," 11.1","999.9","  46.9"," ","  36.0"," "," 0.02","G","999.9","000000"
"72520804855","2020-03-25","40.61611","-83.06361","303.0","MARION MUNICIPAL AIRPORT, OH US","  43.2","24","  36.9","24","1014.6","20","978.3","24","  5.6","24","  5.5","24","  8.9","999.9","  57.9"," ","  34.0"," "," 0.00","G","999.9","100000"
"72520804855","2020-03-26","40.61611","-83.06361","303.0","MARION MUNICIPAL AIRPORT, OH US","  52.3","24","  43.2","24","1012.6","23","976.4","24","  8.8","24","  7.2","24"," 15.0","999.9","  66.0"," ","  34.0"," "," 0.00","G","999.9","010000"
"72520804855","2020-03-27","40.61611","-83.06361","303.0","MARION MUNICIPAL AIRPORT, OH US","  51.4","24","  47.4","24","1012.8","15","976.3","24","  6.0","24","  7.3","24"," 15.0"," 20.0","  66.0"," ","  42.1"," "," 0.28","G","999.9","010000"
"72520804855","2020-03-28","40.61611","-83.06361","303.0","MARION MUNICIPAL AIRPORT, OH US","  57.1","24","  53.7","24","1009.6","15","973.4","24","  6.0","24","  7.4","24"," 15.0","999.9","  70.0"," ","  46.0"," "," 0.06","G","999.9","010010"
"72520804855","2020-03-29","40.61611","-83.06361","303.0","MARION MUNICIPAL AIRPORT, OH US","  61.8","24","  52.8","24","1005.8","20","970.7","24","  8.8","24"," 14.9","24"," 25.1"," 44.1","  70.0"," ","  53.1"," "," 0.93","G","999.9","110010"
"72520804855","2020-03-30","40.61611","-83.06361","303.0","MARION MUNICIPAL AIRPORT, OH US","  47.7","24","  35.8","24","1015.7","22","979.5","24","  9.8","24"," 12.8","24"," 17.1"," 27.0","  66.9"," ","  42.1"," "," 0.62","G","999.9","010000"
"72520804855","2020-03-31","40.61611","-83.06361","303.0","MARION MUNICIPAL AIRPORT, OH US","  40.4","24","  34.9","24","1016.4","22","979.6","24","  9.0","24","  4.4","24","  9.9","999.9","  54.0"," ","  36.0"," "," 0.01","G","999.9","010000"
"72520804855","2020-04-01","40.61611","-83.06361","303.0","MARION MUNICIPAL AIRPORT, OH US","  42.3","24","  36.7","24","1015.3","13","978.3","24","  8.3","24","  9.8","24"," 14.0","999.9","  50.0"," ","  36.0"," "," 0.05","G","999.9","000000"
"72520804855","2020-04-02","40.61611","-83.06361","303.0","MARION MUNICIPAL AIRPORT, OH US","  46.7","24","  35.1","24","1019.9","24","983.3","24","  8.9","24","  6.8","24"," 14.0"," 18.1","  59.0"," ","  34.0"," "," 0.00","G","999.9","000000"
"72520804855","2020-04-03","40.61611","-83.06361","303.0","MARION MUNICIPAL AIRPORT, OH US","  49.2","24","  30.4","24","1018.6","24","982.2","24","  9.8","24","  4.9","24"," 11.1"," 18.1","  64.0"," ","  33.1"," "," 0.00","G","999.9","000000"
"72520804855","2020-04-04","40.61611","-83.06361","303.0","MARION MUNICIPAL AIRPORT, OH US","  50.9","24","  34.1","24","1017.2","24","981.0","24","  9.8","24","  3.2","24","  6.0","999.9","  68.0"," ","  33.1"," "," 0.00","G","999.9","000000"
"72520804855","2020-04-05","40.61611","-83.06361","303.0","MARION MUNICIPAL AIRPORT, OH US","  47.9","24","  42.1","24","1019.4","15","983.0","24","  6.9","24","  9.2","24"," 13.0","999.9","  68.0"," ","  34.0"," "," 0.00","G","999.9","010000"
"72520804855","2020-04-06","40.61611","-83.06361","303.0","MARION MUNICIPAL AIRPORT, OH US","  44.5","24","  30.5","24","1020.7","22","984.1","24","  8.0","24","  4.2","24","  8.0","999.9","  64.0"," ","  28.0"," "," 0.03","G","999.9","100000"
"72520804855","2020-04-07","40.61611","-83.06361","303.0","MARION MUNICIPAL AIRPORT, OH US","  58.9","24","  49.0","24","1011.9","21","976.3","24","  8.3","24","  7.0","24"," 15.0"," 22.9","  73.9","*","  50.0","*"," 0.13","G","999.9","010000"
"72520804855","2020-04-08","40.61611","-83.06361","303.0","MARION MUNICIPAL AIRPORT, OH US","  62.6","24","  51.7","24","1004.6","20","969.7","24","  8.6","24","  5.4","24"," 18.1"," 22.9","  73.9"," ","  50.0"," "," 0.61","G","999.9","010010"
"72520804855","2020-04-09","40.61611","-83.06361","303.0","MARION MUNICIPAL AIRPORT, OH US","  49.9","24","  36.1","24","1002.6","21","967.0","24","  9.8","24"," 13.4","24"," 22.9"," 36.9","  71.1"," ","  41.0"," "," 0.04","G","999.9","010000"
"72520804855","2020-04-10","40.61611","-83.06361","303.0","MARION MUNICIPAL AIRPORT, OH US","  38.2","24","  24.3","24","1011.8","24","975.4","24"," 10.0","24"," 13.1","24"," 20.0"," 27.0","  57.9"," ","  33.1"," "," 0.00","G","999.9","000000"
"72520804855","2020-04-11","40.61611","-83.06361","303.0","MARION MUNICIPAL AIRPORT, OH US","  41.0","24","  26.6","24","1016.5","24","979.9","24"," 10.0","24","  5.6","24"," 12.0"," 15.0","  55.9"," ","  27.0"," "," 0.00","G","999.9","000000"
"72520804855","2020-04-12","40.61611","-83.06361","303.0","MARION MUNICIPAL AIRPORT, OH US","  52.0","24","  38.5","24","1011.2","24","975.2","24","  9.8","24"," 10.1","24"," 15.9"," 21.0","  62.1","*","  45.0","*"," 0.03","G","999.9","010000"
"72520804855","2020-04-13","40.61611","-83.06361","303.0","MARION MUNICIPAL AIRPORT, OH US","  50.4","24","  44.5","24","1004.5","14","966.8","24","  7.6","24"," 13.9","24"," 26.0"," 38.1","  62.1"," ","  39.9"," "," 0.53","G","999.9","010000"
"72520804855","2020-04-14","40.61611","-83.06361","303.0","MARION MUNICIPAL AIRPORT, OH US","  38.7","24","  22.8","24","1021.4","24","984.6","24"," 10.0","24","  8.1","24"," 15.9"," 22.0","  43.0","*","  32.0","*"," 0.02","G","999.9","000000"
"72520804855","2020-04-15","40.61611","-83.06361","303.0","MARION MUNICIPAL AIRPORT, OH US","  35.7","24","  22.2","24","1018.6","22","981.5","24","  9.4","24","  9.3","24"," 21.0"," 34.0","  48.0"," ","  24.1"," "," 0.00","G","999.9","111000"
"72520804855","2020-04-16","40.61611","-83.06361","303.0","MARION MUNICIPAL AIRPORT, OH US","  35.0","24","  20.1","24","1024.2","24","987.0","24","  9.9","24","  8.0","24"," 15.9"," 24.1","  48.0"," ","  24.1"," "," 0.02","G","999.9","000000"
"72520804855","2020-04-17","40.61611","-83.06361","303.0","MARION MUNICIPAL AIRPORT, OH US","  38.0","24","  29.1","24","1023.1","13","983.8","24","  6.3","24","  6.4","24"," 14.0"," 20.0","  46.0"," ","  26.1"," "," 0.00","G","999.9","011000"
"72520804855","2020-04-18","40.61611","-83.06361","303.0","MARION MUNICIPAL AIRPORT, OH US","  39.6","24","  31.3","24","1016.0","17","979.1","24","  6.1","24","  9.1","24"," 13.0"," 21.0","  52.0"," ","  32.0"," "," 0.14","G","999.9","110000"
"72520804855","2020-04-19","40.61611","-83.06361","303.0","MARION MUNICIPAL AIRPORT, OH US","  46.7","24","  34.7","24","1010.9","24","974.7","24","  9.2","24","  9.3","24"," 14.0","999.9","  60.1"," ","  32.0"," "," 0.00","G","999.9","000000"
"72520804855","2020-04-20","40.61611","-83.06361","303.0","MARION MUNICIPAL AIRPORT, OH US","  46.4","24","  30.2","24","1008.1","24","972.1","24"," 10.0","24","  7.4","24"," 13.0"," 22.0","  60.1"," ","  30.9"," "," 0.00","G","999.9","000000"
"72520804855","2020-04-21","40.61611","-83.06361","303.0","MARION MUNICIPAL AIRPORT, OH US","  47.1","24","  28.4","24","1006.8","23","970.7","24","  9.9","24"," 14.4","24"," 22.9"," 29.9","  59.0"," ","  30.9"," "," 0.04","G","999.9","010000"
"72520804855","2020-04-22","40.61611","-83.06361","303.0","MARION MUNICIPAL AIRPORT, OH US","  38.2","24","  19.9","24","1017.9","24","981.2","24"," 10.0","24","  4.6","24","  9.9","999.9","  54.0"," ","  27.0"," "," 0.00","A","999.9","000000"
"72520804855","2020-04-23","40.61611","-83.06361","303.0","MARION MUNICIPAL AIRPORT, OH US","  49.6","24","  37.6","24","1010.9","22","974.4","24","  9.5","24","  9.1","24"," 14.0","999.9","  55.9","*","  42.1","*"," 0.00","G","999.9","010000"
"72520804855","2020-04-24","40.61611","-83.06361","303.0","MARION MUNICIPAL AIRPORT, OH US","  50.5","24","  44.8","24","1008.5","14","972.1","24","  4.7","24","  8.9","24"," 12.0","999.9","  63.0"," ","  41.0"," "," 0.12","G","999.9","110000"
"72520804855","2020-04-25","40.61611","-83.06361","303.0","MARION MUNICIPAL AIRPORT, OH US","  54.6","24","  43.2","24","1012.6","24","976.7","24","  8.2","24","  8.8","23"," 19.0"," 22.9","  68.0"," ","  41.0"," "," 0.00","G","999.9","000000"
"72520804855","2020-04-26","40.61611","-83.06361","303.0","MARION MUNICIPAL AIRPORT, OH US","  46.2","24","  41.1","24","1009.9","20","973.5","24","  7.1","24"," 16.8","24"," 26.0"," 35.9","  53.1","*","  42.8","*"," 0.30","G","999.9","010000"
"72520804855","2020-04-27","40.61611","-83.06361","303.0","MARION MUNICIPAL AIRPORT, OH US","  46.4","24","  35.4","24","1021.3","22","984.8","24","  8.8","24","  5.1","24","  9.9","999.9","  62.1"," ","  32.0"," "," 0.08","G","999.9","100000"
"72520804855","2020-04-28","40.61611","-83.06361","303.0","MARION MUNICIPAL AIRPORT, OH US","  56.8","24","  46.6","24","1015.9","20","979.9","24","  9.7","24","  8.1","24"," 12.0"," 19.0","  70.0","*","  48.0","*"," 0.11","G","999.9","010000"
"72520804855","2020-04-29","40.61611","-83.06361","303.0","MARION MUNICIPAL AIRPORT, OH US","  61.9","24","  50.1","24","1005.6","23","970.2","24","  8.8","24"," 12.9","24"," 21.0"," 28.9","  70.0"," ","  48.0"," "," 0.04","G","999.9","010000"
"72520804855","2020-04-30","40.61611","-83.06361","303.0","MARION MUNICIPAL AIRPORT, OH US","  49.2","24","  44.4","24","1002.9","12","967.7","24","  9.0","24"," 10.5","24"," 15.0"," 24.1","  54.0","*","  44.1","*"," 0.27","G","999.9","010000"
"72520804855","2020-05-01","40.61611","-83.06361","303.0","MARION MUNICIPAL AIRPORT, OH US","  48.6","24","  43.0","24","1013.0","17","976.2","24","  7.7","24","  9.2","24"," 15.9"," 21.0","  61.0"," ","  44.1"," "," 0.14","G","999.9","010000"
"72520804855","2020-05-02","40.61611","-83.06361","303.0","MARION MUNICIPAL AIRPORT, OH US","  59.8","24","  48.0","24","1016.1","24","980.1","24"," 10.0","24"," 11.0","24"," 21.0"," 29.9","  78.1"," ","  45.0"," "," 0.04","G","999.9","000000"
"72520804855","2020-05-03","40.61611","-83.06361","303.0","MARION MUNICIPAL AIRPORT, OH US","  68.3","24","  50.4","24","1011.0","24","975.7","24"," 10.0","24","  7.3","24"," 13.0"," 19.0","  78.1"," ","  48.0"," "," 0.00","G","999.9","000000"
"72520804855","2020-05-04","40.61611","-83.06361","303.0","MARION MUNICIPAL AIRPORT, OH US","  53.2","24","  37.6","24","1015.7","23","979.9","24"," 10.0","24","  8.7","24"," 12.0"," 15.0","  75.0"," ","  41.0"," "," 0.00","G","999.9","000000"
"72520804855","2020-05-05","40.61611","-83.06361","303.0","MARION MUNICIPAL AIRPORT, OH US","  45.1","24","  31.7","24","1015.0","24","978.8","24","  9.6","24"," 10.6","24"," 18.1"," 25.1","  59.0"," ","  39.9"," "," 0.00","G","999.9","010000"
"72520804855","2020-05-06","40.61611","-83.06361","303.0","MARION MUNICIPAL AIRPORT, OH US","  45.8","24","  30.3","24","1014.6","22","978.2","24","  9.3","24"," 10.2","24"," 15.9"," 24.1","  57.0"," ","  37.9"," "," 0.13","G","999.9","010000"
"72520804855","2020-05-07","40.61611","-83.06361","303.0","MARION MUNICIPAL AIRPORT, OH US","  52.6","24","  29.8","24","1014.2","24","978.1","24"," 10.0","24","  9.0","24"," 20.0"," 32.1","  66.9"," ","  37.9"," "," 0.03","G","999.9","000000"
"72520804855","2020-05-08","40.61611","-83.06361","303.0","MARION MUNICIPAL AIRPORT, OH US","  46.1","24","  31.0","24","1011.1","22","975.1","24","  9.9","24","  8.5","24"," 20.0"," 24.1","  57.0","*","  39.9","*"," 0.00","G","999.9","010000"
"72520804855","2020-05-09","40.61611","-83.06361","303.0","MARION MUNICIPAL AIRPORT, OH US","  38.1","24","  20.4","24","1020.8","24","984.0","24"," 10.0","24","  9.6","24"," 20.0"," 25.1","  50.0"," ","  28.0"," "," 0.00","G","999.9","000000"
"72520804855","2020-05-10","40.61611","-83.06361","303.0","MARION MUNICIPAL AIRPORT, OH US","  45.8","24","  30.0","24","1018.9","22","982.1","24","  9.6","24"," 10.4","24"," 20.0"," 33.0","  61.0","*","  34.0","*"," 0.00","G","999.9","010010"
"72520804855","2020-05-11","40.61611","-83.06361","303.0","MARION MUNICIPAL AIRPORT, OH US","  40.9","24","  33.0","24","1018.2","16","982.0","24","  9.8","24"," 11.6","24"," 18.1"," 26.0","  46.9","*","  36.0","*"," 0.28","G","999.9","010000"
"72520804855","2020-05-12","40.61611","-83.06361","303.0","MARION MUNICIPAL AIRPORT, OH US","  45.2","24","  29.3","24","1023.4","24","986.7","24","  9.9","24","  7.6","24"," 15.0"," 21.0","  57.9"," ","  30.0"," "," 0.03","G","999.9","000000"
"72520804855","2020-05-13","40.61611","-83.06361","303.0","MARION MUNICIPAL AIRPORT, OH US","  50.7","24","  28.3","24","1025.5","24","989.0","24","  9.8","24","  2.5","24","  7.0","999.9","  64.9"," ","  30.0"," "," 0.00","G","999.9","000000"
"72520804855","2020-05-14","40.61611","-83.06361","303.0","MARION MUNICIPAL AIRPORT, OH US","  60.2","24","  48.1","24","1019.6","19","983.6","24","  9.0","24"," 10.5","24"," 25.1"," 40.0","  75.0","*","  51.1","*"," 0.01","G","999.9","010000"
"72520804855","2020-05-15","40.61611","-83.06361","303.0","MARION MUNICIPAL AIRPORT, OH US","  66.4","22","  58.4","22","1013.5","20","978.1","22","  9.4","22"," 11.8","22"," 17.1"," 24.1","  75.9"," ","  51.1"," "," 0.39","G","999.9","010000"
"72520804855","2020-05-16","40.61611","-83.06361","303.0","MARION MUNICIPAL AIRPORT, OH US","  63.3","24","  56.1","24","1018.0","20","982.2","24","  5.0","24","  3.4","24","  8.9","999.9","  77.0"," ","  53.1"," "," 0.23","G","999.9","100000"
"72520804855","2020-05-17","40.61611","-83.06361","303.0","MARION MUNICIPAL AIRPORT, OH US","  67.9","24","  57.6","24","1015.2","24","979.7","24"," 10.0","24","  6.1","24"," 11.1","999.9","  80.1"," ","  53.1"," "," 0.00","G","999.9","010000"
"72520804855","2020-05-18","40.61611","-83.06361","303.0","MARION MUNICIPAL AIRPORT, OH US","  68.5","24","  62.3","24","1009.5","23","974.4","24","  9.0","24","  9.0","24"," 15.0"," 22.0","  75.0"," ","  64.0"," "," 0.13","G","999.9","010000"
"72520804855","2020-05-19","40.61611","-83.06361","303.0","MARION MUNICIPAL AIRPORT, OH US","  60.7","24","  56.9","24","1012.8","14","977.0","24","  6.5","24"," 11.2","24"," 19.0"," 32.1","  71.1"," ","  55.9"," "," 2.21","G","999.9","010000"
"72520804855","2020-05-20","40.61611","-83.06361","303.0","MARION MUNICIPAL AIRPORT, OH US","  52.1","24","  45.7","24","1021.3","18","985.3","24","  8.6","24"," 13.9","24"," 20.0"," 35.0","  64.0"," ","  46.0"," "," 0.43","G","999.9","010000"
"72520804855","2020-05-21","40.61611","-83.06361","303.0","MARION MUNICIPAL AIRPORT, OH US","  58.0","24","  50.4","24","1021.4","17","985.3","24","  9.0","24","  8.5","24"," 14.0"," 20.0","  63.0"," ","  46.0"," "," 0.02","G","999.9","010000"
"72520804855","2020-05-22","40.61611","-83.06361","303.0","MARION MUNICIPAL AIRPORT, OH US","  62.4","24","  56.6","24","1017.9","17","982.3","24","  8.3","24","  5.6","24","  9.9","999.9","  72.0"," ","  53.1"," "," 0.24","G","999.9","000000"
"72520804855","2020-05-23","40.61611","-83.06361","303.0","MARION MUNICIPAL AIRPORT, OH US","  64.9","24","  57.0","24","1016.9","21","981.2","24","  6.1","24","  2.4","24","  7.0","999.9","  78.1"," ","  53.1"," "," 0.00","G","999.9","100000"
"72520804855","2020-05-24","40.61611","-83.06361","303.0","MARION MUNICIPAL AIRPORT, OH US","  74.0","24","  62.5","24","1016.0","24","980.7","24","  9.7","24","  6.5","23","  9.9","999.9","  84.9"," ","  53.1"," "," 0.00","G","999.9","000000"
"72520804855","2020-05-25","40.61611","-83.06361","303.0","MARION MUNICIPAL AIRPORT, OH US","  74.9","24","  64.1","24","1017.0","24","981.7","24","  9.7","24","  5.9","24"," 15.0"," 21.0","  87.1"," ","  63.0"," "," 0.00","G","999.9","000000"
"72520804855","2020-05-26","40.61611","-83.06361","303.0","MARION MUNICIPAL AIRPORT, OH US","  75.5","24","  64.0","24","1017.8","24","982.5","24","  9.3","24","  5.5","24"," 12.0","999.9","  88.0"," ","  64.0"," "," 0.01","G","999.9","000000"
"72520804855","2020-05-27","40.61611","-83.06361","303.0","MARION MUNICIPAL AIRPORT, OH US","  75.0","24","  61.4","24","1016.5","24","981.3","24"," 10.0","24","  7.1","23"," 13.0","999.9","  88.0"," ","  64.0"," "," 0.00","G","999.9","000000"
"72520804855","2020-05-28","40.61611","-83.06361","303.0","MARION MUNICIPAL AIRPORT, OH US","  72.4","24","  62.7","24","1014.3","18","979.0","24","  9.1","24","  9.4","24"," 18.1"," 26.0","  80.1","*","  64.4","*"," 0.12","G","999.9","010000"
"72520804855","2020-05-29","40.61611","-83.06361","303.0","MARION MUNICIPAL AIRPORT, OH US","  68.4","24","  62.0","24","1012.8","18","977.6","24","  9.4","24","  8.2","24"," 21.0"," 31.1","  73.9","*","  62.6","*"," 0.01","G","999.9","110010"
"72520804855","2020-05-30","40.61611","-83.06361","303.0","MARION MUNICIPAL AIRPORT, OH US","  62.6","24","  51.3","24","1018.3","24","982.6","24","  9.8","24","  7.0","24"," 14.0"," 21.0","  73.0"," ","  55.9"," "," 0.59","G","999.9","000000"
"72520804855","2020-05-31","40.61611","-83.06361","303.0","MARION MUNICIPAL AIRPORT, OH US","  57.9","24","  42.5","24","1024.3","24","988.2","24"," 10.0","24","  8.4","24"," 13.0"," 18.1","  71.1"," ","  48.9"," "," 0.00","G","999.9","000000"
"72520804855","2020-06-01","40.61611","-83.06361","303.0","MARION MUNICIPAL AIRPORT, OH US","  57.4","24","  38.0","24","1026.0","24","989.7","24"," 10.0","24","  5.0","24","  9.9","999.9","  72.0"," ","  42.1"," "," 0.00","G","999.9","000000"
"72520804855","2020-06-02","40.61611","-83.06361","303.0","MARION MUNICIPAL AIRPORT, OH US","  72.5","24","  50.6","24","1016.2","24","980.8","24"," 10.0","24"," 10.3","24"," 15.9"," 22.9","  88.0","*","  59.0","*"," 0.00","G","999.9","000000"
"72520804855","2020-06-03","40.61611","-83.06361","303.0","MARION MUNICIPAL AIRPORT, OH US","  78.9","24","  58.2","24","1009.9","24","975.1","24"," 10.0","24"," 11.4","24"," 15.0"," 22.0","  88.0"," ","  59.0"," "," 0.00","G","999.9","000000"
"72520804855","2020-06-04","40.61611","-83.06361","303.0","MARION MUNICIPAL AIRPORT, OH US","  71.2","24","  64.3","24","1009.7","17","974.9","24","  7.7","24","  5.2","24"," 15.0"," 24.1","  86.0"," ","  66.0"," "," 0.13","G","999.9","010010"
"72520804855","2020-06-05","40.61611","-83.06361","303.0","MARION MUNICIPAL AIRPORT, OH US","  74.9","24","  64.8","24","1011.2","20","976.0","24","  6.4","24","  5.3","24","  9.9","999.9","  87.1"," ","  66.0"," "," 1.43","G","999.9","110000"
"72520804855","2020-06-06","40.61611","-83.06361","303.0","MARION MUNICIPAL AIRPORT, OH US","  77.0","24","  59.6","24","1013.6","24","978.5","24","  9.8","24","  7.1","24"," 15.9"," 20.0","  87.1"," ","  66.9"," "," 0.00","G","999.9","000000"
"72520804855","2020-06-07","40.61611","-83.06361","303.0","MARION MUNICIPAL AIRPORT, OH US","  67.6","23","  50.2","23","1017.9","23","982.4","23"," 10.0","23","  7.3","23"," 11.1","999.9","  86.0"," ","  55.9"," "," 0.00","G","999.9","000000"
"72520804855","2020-06-08","40.61611","-83.06361","303.0","MARION MUNICIPAL AIRPORT, OH US","  64.4","18","  49.0","18","1018.5","18","982.9","18"," 10.0","18","  4.5","18","  8.0","999.9","  80.1"," ","  55.0"," "," 0.00","I","999.9","000000"
"72520804855","2020-06-09","40.61611","-83.06361","303.0","MARION MUNICIPAL AIRPORT, OH US","  69.9","16","  54.2","16","1013.3","16","978.1","16"," 10.0","16","  5.7","16","  9.9","999.9","  84.9","*","  60.1","*"," 0.00","I","999.9","000000"
"72520804855","2020-06-11","40.61611","-83.06361","303.0","MARION MUNICIPAL AIRPORT, OH US","  75.9"," 8","  49.5"," 8","1020.2"," 8","984.6"," 8"," 10.0"," 8","  9.0"," 8"," 15.9"," 19.0","  79.0"," ","  63.0"," "," 0.00","I","999.9","000000"
"72520804855","2020-06-12","40.61611","-83.06361","303.0","MARION MUNICIPAL AIRPORT, OH US","  70.2","24","  48.2","24","1022.8","24","987.2","24"," 10.0","24","  7.5","24"," 14.0"," 22.9","  80.1"," ","  59.0"," "," 0.00","I","999.9","000000"
"72520804855","2020-06-13","40.61611","-83.06361","303.0","MARION MUNICIPAL AIRPORT, OH US","  61.9","24","  51.2","24","1023.5","20","987.9","24","  9.5","24","  8.9","24"," 18.1"," 21.0","  80.1"," ","  55.0"," "," 0.07","G","999.9","010000"
"72520804855","2020-06-14","40.61611","-83.06361","303.0","MARION MUNICIPAL AIRPORT, OH US","  58.5","23","  41.9","23","1025.8","23","989.6","23"," 10.0","23","  9.9","23"," 15.9"," 22.9","  71.1"," ","  48.0"," "," 0.08","G","999.9","000000"
"72520804855","2020-06-15","40.61611","-83.06361","303.0","MARION MUNICIPAL AIRPORT, OH US","  61.4","21","  49.8","21","1026.6","20","990.6","21"," 10.0","21","  7.3","21","  9.9","999.9","  75.0"," ","  48.0"," "," 0.00","G","999.9","000000"
"72520804855","2020-06-16","40.61611","-83.06361","303.0","MARION MUNICIPAL AIRPORT, OH US","  69.2","24","  54.2","24","1026.6","24","990.8","24","  9.6","24","  4.9","24"," 15.0","999.9","  82.0"," ","  52.0"," "," 0.00","I","999.9","000000"
"72520804855","2020-06-17","40.61611","-83.06361","303.0","MARION MUNICIPAL AIRPORT, OH US","  70.5","24","  53.7","24","1022.5","24","986.9","24"," 10.0","24","  5.5","24"," 14.0","999.9","  82.0"," ","  54.0"," "," 0.00","G","999.9","000000"
"72520804855","2020-06-18","40.61611","-83.06361","303.0","MARION MUNICIPAL AIRPORT, OH US","  70.3","24","  58.4","24","1018.5","21","983.0","24","  9.3","24","  3.5","24"," 25.1"," 34.0","  82.9"," ","  57.0"," "," 0.00","G","999.9","110010"
"72520804855","2020-06-19","40.61611","-83.06361","303.0","MARION MUNICIPAL AIRPORT, OH US","  70.4","24","  62.6","24","1017.3","22","981.9","24","  7.4","24","  2.7","24"," 12.0","999.9","  82.9"," ","  62.1"," "," 0.94","G","999.9","110010"
"72520804855","2020-06-20","40.61611","-83.06361","303.0","MARION MUNICIPAL AIRPORT, OH US","  75.8","24","  60.5","24","1016.6","24","981.3","24","  9.3","24","  1.6","23","  7.0","999.9","  89.1"," ","  62.1"," "," 0.01","G","999.9","000000"
"72520804855","2020-06-21","40.61611","-83.06361","303.0","MARION MUNICIPAL AIRPORT, OH US","  77.5","24","  63.1","24","1013.3","23","978.3","24","  9.4","24","  6.3","24"," 13.0"," 18.1","  89.1"," ","  63.0"," "," 0.00","G","999.9","010010"
"72520804855","2020-06-22","40.61611","-83.06361","303.0","MARION MUNICIPAL AIRPORT, OH US","  72.0","24","  64.6","24","1012.6","19","977.7","24","  8.0","24","  4.0","24","  7.0","999.9","  88.0"," ","  66.0"," "," 0.13","G","999.9","010000"
"72520804855","2020-06-23","40.61611","-83.06361","303.0","MARION MUNICIPAL AIRPORT, OH US","  72.8","24","  63.9","24","1007.0","19","971.5","24","  9.1","24"," 10.0","24"," 17.1"," 25.1","  82.0"," ","  66.0"," "," 0.05","G","999.9","010000"
"72520804855","2020-06-24","40.61611","-83.06361","303.0","MARION MUNICIPAL AIRPORT, OH US","  67.5","24","  52.8","24","1010.4","24","975.1","24"," 10.0","24","  6.3","24","  8.9"," 15.9","  77.0"," ","  59.0"," "," 0.06","G","999.9","000000"
"72520804855","2020-06-25","40.61611","-83.06361","303.0","MARION MUNICIPAL AIRPORT, OH US","  70.2","24","  53.2","24","1014.2","24","978.8","24","  9.9","24","  6.4","24"," 15.0"," 19.0","  81.0"," ","  59.0"," "," 0.00","G","999.9","010000"
"72520804855","2020-06-26","40.61611","-83.06361","303.0","MARION MUNICIPAL AIRPORT, OH US","  73.8","24","  57.4","24","1016.3","22","980.9","24","  9.3","24","  6.2","24"," 12.0"," 21.0","  86.0"," ","  59.0"," "," 0.00","G","999.9","110010"
"72520804855","2020-06-27","40.61611","-83.06361","303.0","MARION MUNICIPAL AIRPORT, OH US","  75.5","24","  67.2","24","1011.1","22","976.1","24","  9.5","24","  9.5","24"," 13.0"," 18.1","  86.0"," ","  64.0"," "," 0.78","G","999.9","010000"
"72520804855","2020-06-28","40.61611","-83.06361","303.0","MARION MUNICIPAL AIRPORT, OH US","  74.7","24","  68.1","24","1010.1","12","975.1","24","  8.2","24","  6.0","23","  9.9","999.9","  84.9"," ","  69.1"," "," 0.04","G","999.9","010000"
"72520804855","2020-06-29","40.61611","-83.06361","303.0","MARION MUNICIPAL AIRPORT, OH US","  75.1","24","  62.6","24","1013.7","24","978.5","24","  9.9","24","  2.3","24","  6.0","999.9","  86.0"," ","  63.0"," "," 0.20","G","999.9","000000"
"72520804855","2020-06-30","40.61611","-83.06361","303.0","MARION MUNICIPAL AIRPORT, OH US","  75.5","24","  60.8","24","1014.3","24","979.1","24","  9.8","24","  3.2","24","  8.9","999.9","  87.1"," ","  62.1"," "," 0.00","G","999.9","000000"
"72520804855","2020-07-01","40.61611","-83.06361","303.0","MARION MUNICIPAL AIRPORT, OH US","  75.4","24","  61.2","24","1013.7","24","978.6","24"," 10.0","24","  6.2","24"," 13.0","999.9","  87.1"," ","  62.1"," "," 0.00","G","999.9","000000"
"72520804855","2020-07-02","40.61611","-83.06361","303.0","MARION MUNICIPAL AIRPORT, OH US","  75.8","24","  61.1","24","1015.8","24","980.6","24","  9.5","24","  3.8","24","  7.0","999.9","  89.1"," ","  62.1"," "," 0.00","G","999.9","000000"
"72520804855","2020-07-03","40.61611","-83.06361","303.0","MARION MUNICIPAL AIRPORT, OH US","  78.2","24","  61.0","24","1016.0","24","980.8","24","  9.5","24","  3.4","24","  8.0","999.9","  91.9"," ","  62.1"," "," 0.00","G","999.9","000000"
"72520804855","2020-07-04","40.61611","-83.06361","303.0","MARION MUNICIPAL AIRPORT, OH US","  80.1","24","  65.4","24","1015.3","24","980.3","24","  8.5","24","  4.3","24"," 11.1","999.9","  91.9"," ","  64.0"," "," 0.00","G","999.9","000000"
"72520804855","2020-07-05","40.61611","-83.06361","303.0","MARION MUNICIPAL AIRPORT, OH US","  77.8","24","  55.8","24","1015.5","24","980.4","24","  9.5","24","  2.8","23","  6.0","999.9","  91.0"," ","  62.1"," "," 0.00","G","999.9","000000"
"72520804855","2020-07-06","40.61611","-83.06361","303.0","MARION MUNICIPAL AIRPORT, OH US","  80.5","24","  60.8","24","1015.9","24","980.8","24","  9.9","24","  2.7","24","  5.1","999.9","  93.9"," ","  62.1"," "," 0.00","G","999.9","000000"
"72520804855","2020-07-07","40.61611","-83.06361","303.0","MARION MUNICIPAL AIRPORT, OH US","  79.0","18","  67.8","18","1015.9","18","980.8","18","  7.8","18","  2.8","18"," 22.9"," 40.0","  93.9"," ","  66.0"," "," 0.00","G","999.9","010010"
"72520804855","2020-07-08","40.61611","-83.06361","303.0","MARION MUNICIPAL AIRPORT, OH US","  88.3"," 9","  68.7"," 9","9999.9"," 0","978.5"," 9","  9.1"," 9","  5.1"," 9","  7.0","999.9","  91.0"," ","  86.0"," "," 0.08","G","999.9","000000"
"72520804855","2020-07-09","40.61611","-83.06361","303.0","MARION MUNICIPAL AIRPORT, OH US","  80.4","24","  68.0","24","1013.2","19","978.1","24","  8.6","24","  3.7","24"," 13.0"," 22.0","  93.0"," ","  70.0"," "," 0.00","G","999.9","010010"
"72520804855","2020-07-10","40.61611","-83.06361","303.0","MARION MUNICIPAL AIRPORT, OH US","  78.3","24","  69.1","24","1010.3","19","975.1","24","  7.9","24","  6.6","24"," 31.1"," 42.0","  93.0"," ","  68.0"," "," 0.05","G","999.9","010010"
"72520804855","2020-07-11","40.61611","-83.06361","303.0","MARION MUNICIPAL AIRPORT, OH US","  74.9","24","  63.1","24","1009.6","20","974.3","24","  9.6","24"," 11.2","24"," 15.9"," 21.0","  89.1"," ","  66.9"," "," 0.61","G","999.9","010000"
"72520804855","2020-07-12","40.61611","-83.06361","303.0","MARION MUNICIPAL AIRPORT, OH US","  72.8","24","  62.4","24","1009.4","22","974.4","24","  8.3","24","  3.7","24"," 12.0"," 24.1","  84.9"," ","  66.0"," "," 0.00","G","999.9","010010"
"72520804855","2020-07-13","40.61611","-83.06361","303.0","MARION MUNICIPAL AIRPORT, OH US","  68.3","15","  63.5","15","1012.0","15","976.8","15","  7.7","15","  2.9","15","  7.0","999.9","  81.0"," ","  63.0"," "," 0.43","G","999.9","000000"
"72520804855","2020-07-15","40.61611","-83.06361","303.0","MARION MUNICIPAL AIRPORT, OH US","  85.3"," 4","  62.8"," 4","1015.9"," 4","980.7"," 4"," 10.0"," 4","  8.7"," 4","  8.9","999.9","  88.0"," ","  69.1"," "," 0.00","I","999.9","000000"
"72520804855","2020-07-16","40.61611","-83.06361","303.0","MARION MUNICIPAL AIRPORT, OH US","  78.7","24","  66.6","24","1015.2","24","980.1","24","  9.8","24","  9.5","24"," 17.1"," 22.9","  89.1"," ","  63.0"," "," 0.01","A","999.9","000000"
"72520804855","2020-07-17","40.61611","-83.06361","303.0","MARION MUNICIPAL AIRPORT, OH US","  77.8","24","  65.2","24","1019.9","20","984.8","24","  7.5","24","  3.6","24","  6.0","999.9","  89.1"," ","  69.1"," "," 0.00","I","999.9","100000"
"72520804855","2020-07-18","40.61611","-83.06361","303.0","MARION MUNICIPAL AIRPORT, OH US","  78.2","24","  64.2","24","1018.7","24","983.5","24","  9.6","24","  4.5","24"," 12.0"," 17.1","  91.9"," ","  64.0"," "," 0.00","G","999.9","000000"
"72520804855","2020-07-19","40.61611","-83.06361","303.0","MARION MUNICIPAL AIRPORT, OH US","  81.0","24","  69.1","24","1013.7","24","978.8","24","  9.5","24","  8.5","24"," 14.0"," 21.0","  91.9"," ","  64.0"," "," 0.00","G","999.9","010000"
"72520804855","2020-07-20","40.61611","-83.06361","303.0","MARION MUNICIPAL AIRPORT, OH US","  76.5","24","  66.1","24","1015.2","24","980.1","24","  9.6","24","  5.9","24","  9.9","999.9","  91.0"," ","  71.1"," "," 0.00","G","999.9","000000"
"72520804855","2020-07-21","40.61611","-83.06361","303.0","MARION MUNICIPAL AIRPORT, OH US","  75.4","24","  64.1","24","1017.0","22","981.8","24","  9.0","24","  2.9","24"," 18.1"," 34.0","  87.1"," ","  66.9"," "," 0.38","G","999.9","010000"
"72520804855","2020-07-22","40.61611","-83.06361","303.0","MARION MUNICIPAL AIRPORT, OH US","  72.7","24","  67.6","24","1016.5","21","981.2","24","  8.8","24","  6.9","24"," 14.0"," 20.0","  87.1"," ","  66.9"," "," 0.28","G","999.9","010010"
"72520804855","2020-07-23","40.61611","-83.06361","303.0","MARION MUNICIPAL AIRPORT, OH US","  76.3","24","  70.2","24","1016.9","17","981.9","24","  8.5","24","  6.1","24"," 12.0","999.9","  84.9"," ","  69.1"," "," 0.09","G","999.9","110000"
"72520804855","2020-07-24","40.61611","-83.06361","303.0","MARION MUNICIPAL AIRPORT, OH US","  74.4","24","  65.4","24","1019.9","23","984.5","24","  7.9","24","  5.0","24","  8.0","999.9","  84.9"," ","  64.0"," "," 0.22","G","999.9","000000"
"72520804855","2020-07-25","40.61611","-83.06361","303.0","MARION MUNICIPAL AIRPORT, OH US","  75.8","24","  63.0","24","1020.3","24","984.9","24","  9.9","24","  2.5","24","  5.1","999.9","  87.1"," ","  64.0"," "," 0.00","G","999.9","000000"
"72520804855","2020-07-26","40.61611","-83.06361","303.0","MARION MUNICIPAL AIRPORT, OH US","  77.6","24","  65.4","24","1018.7","24","983.5","24","  9.7","24","  4.5","24","  8.0","999.9","  89.1"," ","  64.0"," "," 0.00","G","999.9","000000"
"72520804855","2020-07-27","40.61611","-83.06361","303.0","MARION MUNICIPAL AIRPORT, OH US","  79.6","24","  69.7","24","1013.9","22","978.8","24","  9.4","24","  8.7","24"," 24.1"," 34.0","  91.9"," ","  66.0"," "," 0.00","G","999.9","010000"
"72520804855","2020-07-28","40.61611","-83.06361","303.0","MARION MUNICIPAL AIRPORT, OH US","  75.9","24","  64.2","24","1013.9","20","978.5","24","  9.6","24","  6.5","24"," 11.1","999.9","  84.9","*","  68.0","*"," 0.10","G","999.9","010000"
"72520804855","2020-07-29","40.61611","-83.06361","303.0","MARION MUNICIPAL AIRPORT, OH US","  76.3","24","  61.6","24","1014.4","24","979.2","24"," 10.0","24","  6.3","24","  9.9"," 15.0","  88.0","*","  63.0","*"," 0.00","G","999.9","000000"
"72520804855","2020-07-30","40.61611","-83.06361","303.0","MARION MUNICIPAL AIRPORT, OH US","  75.6","24","  66.7","24","1012.5","24","977.5","24","  9.2","24","  3.6","24","  8.9","999.9","  88.0"," ","  63.0"," "," 0.00","G","999.9","010000"
"72520804855","2020-07-31","40.61611","-83.06361","303.0","MARION MUNICIPAL AIRPORT, OH US","  73.1","23","  61.4","23","1011.9","23","976.8","22"," 10.0","23","  7.1","23"," 12.0","999.9","  82.0"," ","  64.0"," "," 0.01","G","999.9","000000"
"72520804855","2020-08-01","40.61611","-83.06361","303.0","MARION MUNICIPAL AIRPORT, OH US","  71.0","24","  65.4","24","1011.8","18","976.1","24","  7.9","24","  5.0","24"," 11.1","999.9","  82.0"," ","  64.0"," "," 0.02","G","999.9","110010"
"72520804855","2020-08-02","40.61611","-83.06361","303.0","MARION MUNICIPAL AIRPORT, OH US","  70.8","24","  67.3","24","1010.3","11","973.8","24","  8.1","24","  8.5","24"," 15.0"," 24.1","  81.0"," ","  66.0"," "," 2.76","G","999.9","010000"
"72520804855","2020-08-03","40.61611","-83.06361","303.0","MARION MUNICIPAL AIRPORT, OH US","  69.1","24","  64.0","24","1015.2","22","979.8","24","  9.3","24","  6.7","24"," 20.0"," 25.1","  80.1"," ","  64.0"," "," 0.20","G","999.9","010000"
"72520804855","2020-08-04","40.61611","-83.06361","303.0","MARION MUNICIPAL AIRPORT, OH US","  68.5","24","  63.6","24","1014.0","15","978.4","24","  6.4","24","  5.1","24","  9.9","999.9","  80.1"," ","  64.0"," "," 0.19","G","999.9","010000"
"72520804855","2020-08-05","40.61611","-83.06361","303.0","MARION MUNICIPAL AIRPORT, OH US","  64.1","24","  52.6","24","1019.0","24","983.3","24"," 10.0","24","  3.5","24","  7.0","999.9","  75.0"," ","  52.0"," "," 0.22","G","999.9","000000"
"72520804855","2020-08-06","40.61611","-83.06361","303.0","MARION MUNICIPAL AIRPORT, OH US","  65.7","24","  54.3","24","1019.9","24","984.2","24","  9.8","24","  2.7","24","  8.0","999.9","  79.0"," ","  52.0"," "," 0.00","G","999.9","000000"
"72520804855","2020-08-07","40.61611","-83.06361","303.0","MARION MUNICIPAL AIRPORT, OH US","  68.4","24","  57.8","24","1020.4","24","984.8","24","  9.8","24","  5.5","24"," 11.1","999.9","  81.0"," ","  52.0"," "," 0.00","G","999.9","000000"
"72520804855","2020-08-08","40.61611","-83.06361","303.0","MARION MUNICIPAL AIRPORT, OH US","  68.4","24","  55.9","24","1022.1","24","986.4","24","  9.4","24","  1.9","24","  6.0","999.9","  82.0"," ","  52.0"," "," 0.00","G","999.9","000000"
"72520804855","2020-08-09","40.61611","-83.06361","303.0","MARION MUNICIPAL AIRPORT, OH US","  73.0","24","  62.1","24","1020.5","24","985.0","24","  9.0","24","  3.5","24","  8.9","999.9","  84.9"," ","  52.0"," "," 0.00","G","999.9","000000"
"72520804855","2020-08-10","40.61611","-83.06361","303.0","MARION MUNICIPAL AIRPORT, OH US","  76.5","24","  66.4","24","1016.9","24","981.7","24","  8.6","24","  6.4","24"," 14.0"," 18.1","  88.0"," ","  61.0"," "," 0.00","G","999.9","000000"
"72520804855","2020-08-11","40.61611","-83.06361","303.0","MARION MUNICIPAL AIRPORT, OH US","  73.9","24","  65.7","24","1014.2","21","979.1","24","  9.7","24","  5.7","24","  9.9","999.9","  88.0"," ","  64.9"," "," 0.11","G","999.9","010000"
"72520804855","2020-08-12","40.61611","-83.06361","303.0","MARION MUNICIPAL AIRPORT, OH US","  72.3","24","  64.2","24","1018.1","22","982.6","24","  6.7","24","  3.3","24"," 12.0","999.9","  82.9"," ","  60.1"," "," 0.00","G","999.9","100000"
"72520804855","2020-08-13","40.61611","-83.06361","303.0","MARION MUNICIPAL AIRPORT, OH US","  72.6","24","  60.5","24","1018.5","24","983.1","24","  9.9","24","  4.6","22","  8.0","999.9","  87.1"," ","  59.0"," "," 0.00","G","999.9","000000"
"72520804855","2020-08-14","40.61611","-83.06361","303.0","MARION MUNICIPAL AIRPORT, OH US","  75.4","23","  66.7","23","1015.4","23","980.2","23","  9.8","23","  5.3","23","  8.9","999.9","  87.1"," ","  59.0"," "," 0.00","G","999.9","000000"
"72520804855","2020-08-15","40.61611","-83.06361","303.0","MARION MUNICIPAL AIRPORT, OH US","  81.0"," 9","  67.3"," 9","9999.9"," 0","978.0"," 9","  9.9"," 8","  4.3"," 9"," 11.1","999.9","  87.1"," ","  73.9"," "," 0.00","G","999.9","010010"
"72520804855","2020-08-16","40.61611","-83.06361","303.0","MARION MUNICIPAL AIRPORT, OH US","  70.1","24","  63.3","24","1013.8","19","978.6","24","  8.9","24","  6.5","24","  9.9","999.9","  80.1"," ","  61.0"," "," 0.00","G","999.9","000000"
"72520804855","2020-08-17","40.61611","-83.06361","303.0","MARION MUNICIPAL AIRPORT, OH US","  70.7","24","  60.7","24","1014.9","19","979.7","24","  7.6","24","  4.5","24"," 12.0","999.9","  82.0"," ","  57.0"," "," 0.00","G","999.9","100000"
"72520804855","2020-08-18","40.61611","-83.06361","303.0","MARION MUNICIPAL AIRPORT, OH US","  69.0","24","  56.3","24","1014.8","22","979.5","24","  9.8","24","  5.6","24"," 12.0","999.9","  82.0"," ","  57.0"," "," 0.00","G","999.9","000000"
"72520804855","2020-08-19","40.61611","-83.06361","303.0","MARION MUNICIPAL AIRPORT, OH US","  63.0","22","  52.3","22","1017.4","21","981.8","22","  9.9","22","  3.4","22","  9.9","999.9","  79.0"," ","  52.0"," "," 0.00","G","999.9","100000"
"72520804855","2020-08-20","40.61611","-83.06361","303.0","MARION MUNICIPAL AIRPORT, OH US","  64.4","24","  50.1","24","1017.8","22","982.2","24"," 10.0","24","  1.6","24","  6.0","999.9","  80.1"," ","  48.0"," "," 0.00","G","999.9","000000"
"72520804855","2020-08-21","40.61611","-83.06361","303.0","MARION MUNICIPAL AIRPORT, OH US","  68.2","24","  55.2","24","1015.2","24","979.7","24","  9.7","24","  1.7","24","  6.0","999.9","  82.9"," ","  48.0"," "," 0.00","G","999.9","000000"
"72520804855","2020-08-22","40.61611","-83.06361","303.0","MARION MUNICIPAL AIRPORT, OH US","  72.0","24","  60.4","24","1014.6","22","979.2","24","  9.0","24","  1.8","24","  8.0","999.9","  87.1"," ","  53.1"," "," 0.00","G","999.9","100000"
"72520804855","2020-08-23","40.61611","-83.06361","303.0","MARION MUNICIPAL AIRPORT, OH US","  74.5","24","  65.1","24","1016.3","22","981.2","24","  8.7","24","  5.0","24","  8.0","999.9","  87.1"," ","  57.0"," "," 0.00","G","999.9","000000"
"72520804855","2020-08-24","40.61611","-83.06361","303.0","MARION MUNICIPAL AIRPORT, OH US","  75.1","23","  65.9","23","1017.5","23","982.2","23","  8.0","23","  6.6","23"," 14.0"," 20.0","  87.1"," ","  64.9"," "," 0.00","G","999.9","000000"
"72520804855","2020-08-25","40.61611","-83.06361","303.0","MARION MUNICIPAL AIRPORT, OH US","  78.5","24","  68.8","24","1016.1","24","980.9","24","  7.9","24","  7.4","24"," 15.0"," 19.0","  90.0"," ","  64.9"," "," 0.04","A","999.9","010010"
"72520804855","2020-08-26","40.61611","-83.06361","303.0","MARION MUNICIPAL AIRPORT, OH US","  76.8","24","  66.7","24","1017.2","24","982.0","24","  7.8","24","  5.7","24"," 11.1"," 14.0","  90.0"," ","  64.9"," "," 0.00","I","999.9","000000"
"72520804855","2020-08-27","40.61611","-83.06361","303.0","MARION MUNICIPAL AIRPORT, OH US","  79.4","24","  69.7","24","1013.3","21","978.3","24","  9.3","24","  8.4","24"," 15.0"," 22.0","  89.1"," ","  64.9"," "," 0.00","G","999.9","000000"
"72520804855","2020-08-28","40.61611","-83.06361","303.0","MARION MUNICIPAL AIRPORT, OH US","  76.4","24","  70.7","24","1012.2","19","976.6","24","  8.6","24","  6.6","23"," 29.9"," 36.9","  88.0"," ","  69.1"," "," 0.00","G","999.9","010010"
"72520804855","2020-08-29","40.61611","-83.06361","303.0","MARION MUNICIPAL AIRPORT, OH US","  72.4","24","  65.7","24","1006.4","16","970.8","24","  9.6","24","  9.0","24"," 14.0"," 22.0","  88.0"," ","  69.1"," "," 1.32","G","999.9","010000"
"72520804855","2020-08-30","40.61611","-83.06361","303.0","MARION MUNICIPAL AIRPORT, OH US","  65.5","24","  54.5","24","1012.1","24","976.7","24"," 10.0","24","  5.0","24","  8.0","999.9","  79.0"," ","  54.0"," "," 0.05","G","999.9","000000"
"72520804855","2020-08-31","40.61611","-83.06361","303.0","MARION MUNICIPAL AIRPORT, OH US","  66.6","24","  55.8","24","1012.5","24","977.0","24"," 10.0","24","  3.6","24"," 11.1","999.9","  80.1"," ","  53.1"," "," 0.00","G","999.9","000000"
"72520804855","2020-09-01","40.61611","-83.06361","303.0","MARION MUNICIPAL AIRPORT, OH US","  71.7","24","  66.9","24","1013.2","19","978.2","24","  4.6","24","  5.2","24"," 11.1","999.9","  80.1"," ","  53.1"," "," 0.00","G","999.9","100000"
"72520804855","2020-09-02","40.61611","-83.06361","303.0","MARION MUNICIPAL AIRPORT, OH US","  74.9","24","  69.0","24","1010.2","19","974.9","24","  7.3","24","  7.7","24"," 15.0"," 20.0","  81.0"," ","  64.9"," "," 0.18","G","999.9","010000"
"72520804855","2020-09-03","40.61611","-83.06361","303.0","MARION MUNICIPAL AIRPORT, OH US","  72.7","24","  64.4","24","1010.3","24","975.2","24","  7.4","24","  5.5","24"," 12.0"," 18.1","  82.9"," ","  64.9"," "," 0.02","G","999.9","010000"
"72520804855","2020-09-04","40.61611","-83.06361","303.0","MARION MUNICIPAL AIRPORT, OH US","  68.5","24","  53.0","24","1016.0","24","980.6","24"," 10.0","24","  6.4","24"," 12.0","999.9","  82.9"," ","  54.0"," "," 0.01","G","999.9","000000"
"72520804855","2020-09-05","40.61611","-83.06361","303.0","MARION MUNICIPAL AIRPORT, OH US","  65.1","24","  48.7","24","1023.5","24","987.6","24"," 10.0","24","  6.3","24"," 15.0"," 22.9","  81.0"," ","  50.0"," "," 0.00","G","999.9","000000"
"72520804855","2020-09-06","40.61611","-83.06361","303.0","MARION MUNICIPAL AIRPORT, OH US","  66.0","24","  54.1","24","1021.3","21","985.8","24","  8.1","24","  5.2","24"," 11.1","999.9","  81.0"," ","  50.0"," "," 0.00","G","999.9","100000"
"72520804855","2020-09-07","40.61611","-83.06361","303.0","MARION MUNICIPAL AIRPORT, OH US","  69.7","24","  61.3","24","1013.3","17","977.6","24","  8.5","24","  9.9","24"," 15.9"," 22.9","  78.8","*","  64.9","*"," 0.00","G","999.9","110010"
"72520804855","2020-09-08","40.61611","-83.06361","303.0","MARION MUNICIPAL AIRPORT, OH US","  73.8","24","  65.8","24","1017.2","18","981.3","24","  8.2","24","  9.3","24"," 22.0"," 32.1","  84.9"," ","  66.0"," "," 3.89","G","999.9","010010"
"72520804855","2020-09-09","40.61611","-83.06361","303.0","MARION MUNICIPAL AIRPORT, OH US","  74.0","24","  65.2","24","1021.5","23","986.0","24","  8.2","24","  2.7","24","  7.0","999.9","  84.9"," ","  62.1"," "," 0.57","G","999.9","000000"
"72520804855","2020-09-10","40.61611","-83.06361","303.0","MARION MUNICIPAL AIRPORT, OH US","  68.2","24","  65.5","24","1023.9","15","988.5","24","  3.5","24","  5.7","24"," 14.0","999.9","  84.9"," ","  62.1"," "," 0.00","G","999.9","100000"
"72520804855","2020-09-11","40.61611","-83.06361","303.0","MARION MUNICIPAL AIRPORT, OH US","  63.5","24","  58.9","24","1025.3","19","989.5","24","  9.5","24","  8.2","24"," 11.1","999.9","  75.9"," ","  60.1"," "," 0.00","G","999.9","000000"
"72520804855","2020-09-12","40.61611","-83.06361","303.0","MARION MUNICIPAL AIRPORT, OH US","  66.9","24","  60.7","24","1019.2","22","983.3","24","  7.9","24","  4.7","24"," 11.1","999.9","  82.9"," ","  54.0"," "," 0.00","G","999.9","000000"
"72520804855","2020-09-13","40.61611","-83.06361","303.0","MARION MUNICIPAL AIRPORT, OH US","  73.0","24","  65.6","24","1015.9","17","980.4","24","  9.4","24","  7.7","24"," 14.0"," 19.0","  82.9"," ","  54.0"," "," 0.08","G","999.9","010000"
"72520804855","2020-09-14","40.61611","-83.06361","303.0","MARION MUNICIPAL AIRPORT, OH US","  63.2","24","  55.7","24","1024.7","21","989.1","24","  9.0","24","  6.0","24"," 11.1"," 17.1","  71.1","*","  53.6","*"," 0.38","G","999.9","100000"
"72520804855","2020-09-15","40.61611","-83.06361","303.0","MARION MUNICIPAL AIRPORT, OH US","  56.0","24","  47.0","24","1026.9","24","990.6","24","  9.9","24","  3.0","24","  8.9","999.9","  71.1"," ","  44.1"," "," 0.00","G","999.9","000000"
"72520804855","2020-09-16","40.61611","-83.06361","303.0","MARION MUNICIPAL AIRPORT, OH US","  58.1","24","  49.3","24","1020.0","23","984.1","24","  9.4","24","  3.4","24","  7.0","999.9","  73.9"," ","  44.1"," "," 0.00","G","999.9","000000"
"72520804855","2020-09-17","40.61611","-83.06361","303.0","MARION MUNICIPAL AIRPORT, OH US","  59.8","24","  52.9","24","1017.7","21","981.9","24","  7.7","24","  5.9","24"," 15.9","999.9","  73.9"," ","  44.1"," "," 0.00","G","999.9","100000"
"72520804855","2020-09-18","40.61611","-83.06361","303.0","MARION MUNICIPAL AIRPORT, OH US","  55.5","24","  44.0","24","1022.1","24","986.0","24"," 10.0","24"," 10.7","24"," 19.0"," 25.1","  70.0"," ","  46.9"," "," 0.00","G","999.9","000000"
"72520804855","2020-09-19","40.61611","-83.06361","303.0","MARION MUNICIPAL AIRPORT, OH US","  50.1","24","  37.7","24","1028.2","24","991.6","24"," 10.0","24","  5.4","24"," 11.1","999.9","  64.9"," ","  37.9"," "," 0.00","G","999.9","000000"
"72520804855","2020-09-20","40.61611","-83.06361","303.0","MARION MUNICIPAL AIRPORT, OH US","  53.4","24","  39.0","24","1030.5","24","993.9","24"," 10.0","24","  5.1","24"," 11.1","999.9","  69.1"," ","  37.9"," "," 0.00","G","999.9","000000"
"72520804855","2020-09-21","40.61611","-83.06361","303.0","MARION MUNICIPAL AIRPORT, OH US","  54.5","24","  40.0","24","1031.1","24","994.6","24"," 10.0","24","  5.4","24"," 11.1","999.9","  69.1"," ","  37.9"," "," 0.00","G","999.9","000000"
"72520804855","2020-09-22","40.61611","-83.06361","303.0","MARION MUNICIPAL AIRPORT, OH US","  56.2","24","  43.0","24","1025.0","24","988.8","24","  9.6","24","  2.0","24","  6.0","999.9","  73.0"," ","  41.0"," "," 0.00","G","999.9","000000"
"72520804855","2020-09-23","40.61611","-83.06361","303.0","MARION MUNICIPAL AIRPORT, OH US","  60.8","24","  50.5","24","1018.6","24","982.7","24","  8.8","24","  3.4","24","  8.0","999.9","  77.0"," ","  41.0"," "," 0.00","G","999.9","000000"
"72520804855","2020-09-24","40.61611","-83.06361","303.0","MARION MUNICIPAL AIRPORT, OH US","  64.9","24","  53.5","24","1016.4","24","980.8","24","  8.6","23","  3.2","24","  9.9","999.9","  77.0"," ","  46.0"," "," 0.00","G","999.9","000000"
"72520804855","2020-09-25","40.61611","-83.06361","303.0","MARION MUNICIPAL AIRPORT, OH US","  64.2","24","  53.4","24","1016.4","22","980.8","24","  7.6","24","  3.9","24","  9.9","999.9","  79.0"," ","  50.0"," "," 0.00","G","999.9","000000"
"72520804855","2020-09-26","40.61611","-83.06361","303.0","MARION MUNICIPAL AIRPORT, OH US","  68.0","24","  58.1","24","1014.6","23","979.3","24","  8.8","24","  7.4","24"," 15.0"," 21.0","  80.1"," ","  50.0"," "," 0.00","G","999.9","000000"
"72520804855","2020-09-27","40.61611","-83.06361","303.0","MARION MUNICIPAL AIRPORT, OH US","  68.2","24","  58.9","24","1011.1","22","975.8","24","  9.5","24"," 10.7","24"," 17.1"," 24.1","  80.1"," ","  57.9"," "," 0.00","G","999.9","000000"
"72520804855","2020-09-28","40.61611","-83.06361","303.0","MARION MUNICIPAL AIRPORT, OH US","  64.2","24","  58.7","24","1007.3","21","972.0","24","  7.7","24","  8.9","24"," 15.9"," 22.9","  73.9","*","  55.4","*"," 0.00","G","999.9","010000"
"72520804855","2020-09-29","40.61611","-83.06361","303.0","MARION MUNICIPAL AIRPORT, OH US","  55.1","24","  47.8","24","1011.4","23","975.8","24","  9.0","24","  5.6","24","  8.9","999.9","  75.0"," ","  48.0"," "," 0.74","G","999.9","010000"
"72520804855","2020-09-30","40.61611","-83.06361","303.0","MARION MUNICIPAL AIRPORT, OH US","  53.9","24","  45.7","24","1007.4","24","971.8","24","  9.7","24"," 10.4","24"," 21.0"," 31.1","  62.1"," ","  46.9"," "," 0.00","G","999.9","010000"
"72520804855","2020-10-01","40.61611","-83.06361","303.0","MARION MUNICIPAL AIRPORT, OH US","  52.0","24","  41.5","24","1013.8","23","977.8","24","  9.8","24","  7.5","24"," 14.0"," 22.0","  64.0"," ","  42.1"," "," 0.01","G","999.9","010000"
"72520804855","2020-10-02","40.61611","-83.06361","303.0","MARION MUNICIPAL AIRPORT, OH US","  49.0","24","  39.0","24","1019.6","19","983.3","24","  9.9","24","  5.8","24","  8.9","999.9","  64.0"," ","  42.1"," "," 0.04","G","999.9","000000"
"72520804855","2020-10-03","40.61611","-83.06361","303.0","MARION MUNICIPAL AIRPORT, OH US","  46.8","24","  38.5","24","1023.4","24","986.9","24","  9.7","24","  1.3","24","  5.1","999.9","  60.1"," ","  36.0"," "," 0.00","G","999.9","000000"
"72520804855","2020-10-04","40.61611","-83.06361","303.0","MARION MUNICIPAL AIRPORT, OH US","  51.9","24","  45.3","24","1020.6","21","984.2","24","  9.2","24","  5.8","24"," 12.0","999.9","  61.0"," ","  36.0"," "," 0.00","G","999.9","010000"
"72520804855","2020-10-05","40.61611","-83.06361","303.0","MARION MUNICIPAL AIRPORT, OH US","  46.0","24","  41.2","24","1023.7","20","987.5","24","  6.5","24","  3.6","24","  9.9","999.9","  61.0"," ","  39.0"," "," 0.26","G","999.9","100000"
"72520804855","2020-10-06","40.61611","-83.06361","303.0","MARION MUNICIPAL AIRPORT, OH US","  53.1","24","  41.2","24","1018.1","24","981.9","24","  9.5","24","  9.2","24"," 15.9"," 22.0","  71.1"," ","  39.0"," "," 0.00","G","999.9","000000"
"72520804855","2020-10-07","40.61611","-83.06361","303.0","MARION MUNICIPAL AIRPORT, OH US","  63.3","24","  45.3","24","1011.8","24","976.2","24","  9.8","24"," 10.1","24"," 14.0"," 24.1","  77.0","*","  53.1","*"," 0.00","G","999.9","000000"
"72520804855","2020-10-08","40.61611","-83.06361","303.0","MARION MUNICIPAL AIRPORT, OH US","  55.8","24","  39.4","24","1019.9","24","983.9","24","  9.8","24","  3.7","23","  8.9","999.9","  77.0"," ","  39.9"," "," 0.00","G","999.9","000000"
"72520804855","2020-10-09","40.61611","-83.06361","303.0","MARION MUNICIPAL AIRPORT, OH US","  57.4","24","  43.4","24","1020.2","24","984.1","24"," 10.0","24","  6.1","24"," 15.9","999.9","  77.0"," ","  39.9"," "," 0.00","G","999.9","010000"
"72520804855","2020-10-10","40.61611","-83.06361","303.0","MARION MUNICIPAL AIRPORT, OH US","  65.8","24","  56.8","24","1014.6","22","979.1","24","  8.1","24","  9.1","24"," 15.0"," 21.0","  75.2","*","  59.0","*"," 0.00","G","999.9","000000"
"72520804855","2020-10-11","40.61611","-83.06361","303.0","MARION MUNICIPAL AIRPORT, OH US","  64.0","24","  59.4","24","1015.2","17","979.7","24","  5.9","24","  6.3","24"," 11.1","999.9","  75.0"," ","  57.0"," "," 0.00","G","999.9","000000"
"72520804855","2020-10-12","40.61611","-83.06361","303.0","MARION MUNICIPAL AIRPORT, OH US","  64.4","24","  58.2","24","1010.9","18","975.8","24","  8.3","24","  8.2","24"," 17.1"," 22.9","  73.9"," ","  55.0"," "," 0.00","G","999.9","000000"
"72520804855","2020-10-13","40.61611","-83.06361","303.0","MARION MUNICIPAL AIRPORT, OH US","  56.3","24","  43.2","24","1016.9","23","980.6","24","  9.5","24","  7.0","24"," 21.0"," 33.0","  73.9"," ","  42.1"," "," 0.21","G","999.9","010010"
"72520804855","2020-10-14","40.61611","-83.06361","303.0","MARION MUNICIPAL AIRPORT, OH US","  54.7","24","  40.8","24","1016.0","24","980.0","24"," 10.0","24","  6.9","24"," 15.9"," 18.1","  68.0"," ","  39.0"," "," 0.00","G","999.9","000000"
"72520804855","2020-10-15","40.61611","-83.06361","303.0","MARION MUNICIPAL AIRPORT, OH US","  56.6","23","  45.3","23","1011.0","23","975.4","23","  9.2","23"," 11.3","23"," 19.0"," 26.0","  68.0"," ","  39.0"," "," 0.00","G","999.9","010000"
"72520804855","2020-10-16","40.61611","-83.06361","303.0","MARION MUNICIPAL AIRPORT, OH US","  46.3","24","  34.3","24","1021.9","24","985.4","24","  9.6","24","  4.6","23","  8.9","999.9","  64.9"," ","  37.0"," "," 0.15","G","999.9","000000"
"72520804855","2020-10-17","40.61611","-83.06361","303.0","MARION MUNICIPAL AIRPORT, OH US","  44.2","24","  27.3","24","1025.2","24","988.4","24"," 10.0","24","  5.9","24","  9.9"," 15.0","  60.1"," ","  32.0"," "," 0.00","G","999.9","000000"
"72520804855","2020-10-18","40.61611","-83.06361","303.0","MARION MUNICIPAL AIRPORT, OH US","  50.6","24","  35.3","24","1022.3","21","985.9","24"," 10.0","24"," 10.2","24"," 15.0"," 20.0","  60.1"," ","  32.0"," "," 0.00","G","999.9","010000"
"72520804855","2020-10-19","40.61611","-83.06361","303.0","MARION MUNICIPAL AIRPORT, OH US","  50.2","24","  46.9","24","1022.7"," 8","986.0","24","  5.0","24","  6.7","24"," 11.1","999.9","  54.0"," ","  45.0"," "," 0.45","G","999.9","010000"
"72520804855","2020-10-20","40.61611","-83.06361","303.0","MARION MUNICIPAL AIRPORT, OH US","  49.7","24","  46.8","24","1022.8","17","985.9","24","  7.4","24","  7.3","24"," 11.1","999.9","  54.0"," ","  46.0"," "," 0.40","G","999.9","010000"
"72520804855","2020-10-21","40.61611","-83.06361","303.0","MARION MUNICIPAL AIRPORT, OH US","  59.5","24","  56.2","24","1020.8","13","984.8","24","  6.3","24","  6.5","24"," 13.0"," 19.0","  64.0"," ","  46.0"," "," 0.28","G","999.9","010010"
"72520804855","2020-10-22","40.61611","-83.06361","303.0","MARION MUNICIPAL AIRPORT, OH US","  64.2","24","  57.6","24","1021.1","18","985.7","24","  6.6","24","  5.6","24"," 12.0"," 15.9","  79.0"," ","  57.0"," "," 0.18","G","999.9","100000"
"72520804855","2020-10-23","40.61611","-83.06361","303.0","MARION MUNICIPAL AIRPORT, OH US","  67.3","24","  59.3","24","1016.4","21","980.4","24","  9.6","24","  9.9","24"," 20.0"," 31.1","  79.0"," ","  57.9"," "," 0.00","G","999.9","010010"
"72520804855","2020-10-24","40.61611","-83.06361","303.0","MARION MUNICIPAL AIRPORT, OH US","  48.1","24","  40.9","24","1022.3","15","984.0","24","  9.7","24"," 10.2","24"," 15.9"," 27.0","  78.1"," ","  42.1"," "," 0.47","G","999.9","010000"
"72520804855","2020-10-25","40.61611","-83.06361","303.0","MARION MUNICIPAL AIRPORT, OH US","  44.4","24","  34.8","24","1021.4","23","985.0","24"," 10.0","24","  6.5","24"," 12.0","999.9","  51.1"," ","  36.0"," "," 0.00","G","999.9","000000"
"72520804855","2020-10-26","40.61611","-83.06361","303.0","MARION MUNICIPAL AIRPORT, OH US","  46.1","24","  41.6","24","1019.9","13","983.8","24","  5.9","24","  4.9","24","  8.9","999.9","  51.1"," ","  36.0"," "," 0.04","G","999.9","010000"
"72520804855","2020-10-27","40.61611","-83.06361","303.0","MARION MUNICIPAL AIRPORT, OH US","  44.1","24","  40.5","24","1024.9","18","988.0","24","  6.4","24","  3.8","24","  9.9","999.9","  48.0"," ","  42.1"," "," 0.03","G","999.9","010000"
"72520804855","2020-10-28","40.61611","-83.06361","303.0","MARION MUNICIPAL AIRPORT, OH US","  46.3","24","  43.0","24","1018.5","12","982.8","24","  5.4","24","  3.3","24","  6.0","999.9","  51.1"," ","  42.1"," "," 0.15","G","999.9","010000"
"72520804855","2020-10-29","40.61611","-83.06361","303.0","MARION MUNICIPAL AIRPORT, OH US","  46.2","24","  43.6","24","1010.2","13","973.7","24","  4.4","24","  7.2","24"," 14.0"," 20.0","  51.1"," ","  43.0"," "," 0.74","G","999.9","010000"
"72520804855","2020-10-30","40.61611","-83.06361","303.0","MARION MUNICIPAL AIRPORT, OH US","  42.4","24","  35.3","24","1019.6","19","981.3","24","  9.2","24"," 10.1","24"," 17.1"," 22.0","  48.9"," ","  39.0"," "," 0.70","G","999.9","010000"
"72520804855","2020-10-31","40.61611","-83.06361","303.0","MARION MUNICIPAL AIRPORT, OH US","  39.2","24","  28.9","24","1028.3","24","991.1","24"," 10.0","24","  5.6","24"," 13.0","999.9","  51.1"," ","  28.0"," "," 0.00","G","999.9","000000"
"72520804855","2020-11-01","40.61611","-83.06361","303.0","MARION MUNICIPAL AIRPORT, OH US","  44.0","24","  32.3","24","1016.2","24","979.8","24","  9.7","24"," 14.4","24"," 22.0"," 31.1","  53.1"," ","  28.0"," "," 0.00","G","999.9","011000"
"72520804855","2020-11-02","40.61611","-83.06361","303.0","MARION MUNICIPAL AIRPORT, OH US","  35.6","24","  20.9","24","1025.2","24","988.1","24"," 10.0","24","  9.8","24"," 15.9"," 25.1","  53.1"," ","  28.0"," "," 0.03","G","999.9","000000"
"72520804855","2020-11-03","40.61611","-83.06361","303.0","MARION MUNICIPAL AIRPORT, OH US","  45.0","24","  25.1","24","1021.5","24","984.8","24"," 10.0","24","  8.0","24"," 14.0","999.9","  63.0"," ","  28.0"," "," 0.00","G","999.9","000000"
"72520804855","2020-11-04","40.61611","-83.06361","303.0","MARION MUNICIPAL AIRPORT, OH US","  53.1","24","  36.2","24","1024.4","24","988.0","24"," 10.0","24"," 10.0","24"," 17.1"," 22.9","  70.0"," ","  28.9"," "," 0.00","G","999.9","000000"
"72520804855","2020-11-05","40.61611","-83.06361","303.0","MARION MUNICIPAL AIRPORT, OH US","  56.5","24","  40.2","24","1024.8","24","988.5","24"," 10.0","24","  9.6","24"," 14.0"," 19.0","  70.0"," ","  39.9"," "," 0.00","G","999.9","000000"
"72520804855","2020-11-06","40.61611","-83.06361","303.0","MARION MUNICIPAL AIRPORT, OH US","  54.4","24","  42.5","24","1025.2","24","988.9","24","  9.2","24","  7.1","24"," 13.0"," 18.1","  70.0"," ","  42.1"," "," 0.00","G","999.9","000000"
"72520804855","2020-11-07","40.61611","-83.06361","303.0","MARION MUNICIPAL AIRPORT, OH US","  53.9","24","  41.3","24","1025.6","24","989.2","24","  8.3","24","  5.3","24","  8.9","999.9","  70.0"," ","  37.9"," "," 0.00","I","999.9","000000"
"72520804855","2020-11-08","40.61611","-83.06361","303.0","MARION MUNICIPAL AIRPORT, OH US","  56.9","24","  42.9","24","1026.5","24","990.2","24","  8.9","24","  4.3","24","  6.0","999.9","  77.0"," ","  37.9"," "," 0.00","I","999.9","000000"
"72520804855","2020-11-09","40.61611","-83.06361","303.0","MARION MUNICIPAL AIRPORT, OH US","  60.8","24","  49.2","24","1024.2","24","988.2","24"," 10.0","24","  7.1","24"," 11.1","999.9","  77.0"," ","  41.0"," "," 0.00","G","999.9","000000"
"72520804855","2020-11-10","40.61611","-83.06361","303.0","MARION MUNICIPAL AIRPORT, OH US","  64.7","24","  52.2","24","1017.0","24","981.3","24"," 10.0","24"," 10.1","24"," 15.9"," 24.1","  77.0"," ","  48.0"," "," 0.00","G","999.9","000000"
"72520804855","2020-11-11","40.61611","-83.06361","303.0","MARION MUNICIPAL AIRPORT, OH US","  57.0","24","  49.6","24","1013.6","16","977.6","24","  9.1","24","  9.5","24"," 15.0"," 27.0","  77.0"," ","  43.0"," "," 0.37","G","999.9","010000"
"72520804855","2020-11-12","40.61611","-83.06361","303.0","MARION MUNICIPAL AIRPORT, OH US","  39.4","24","  31.1","24","1021.1","24","984.4","24","  7.6","24","  5.0","24","  7.0","999.9","  64.9"," ","  28.0"," "," 0.29","G","999.9","000000"
"72520804855","2020-11-13","40.61611","-83.06361","303.0","MARION MUNICIPAL AIRPORT, OH US","  39.8","24","  32.5","24","1018.7","23","982.0","24","  6.8","24","  5.0","24"," 15.9"," 21.0","  54.0"," ","  28.0"," "," 0.00","G","999.9","000000"
"72520804855","2020-11-14","40.61611","-83.06361","303.0","MARION MUNICIPAL AIRPORT, OH US","  33.4","24","  26.0","24","1022.7","24","985.7","24","  7.2","24","  5.2","24"," 11.1","999.9","  54.0"," ","  21.0"," "," 0.00","G","999.9","000000"
"72520804855","2020-11-15","40.61611","-83.06361","303.0","MARION MUNICIPAL AIRPORT, OH US","  49.4","24","  37.8","24","1007.8","20","970.8","24","  9.0","24"," 17.3","24"," 29.9"," 42.0","  57.2","*","  42.1","*"," 0.09","G","999.9","010010"
"72520804855","2020-11-16","40.61611","-83.06361","303.0","MARION MUNICIPAL AIRPORT, OH US","  39.9","24","  27.3","24","1017.9","23","981.4","24","  9.9","24"," 12.6","24"," 22.9"," 35.0","  57.0"," ","  33.1"," "," 0.29","G","999.9","010000"
"72520804855","2020-11-17","40.61611","-83.06361","303.0","MARION MUNICIPAL AIRPORT, OH US","  38.3","24","  25.5","24","1022.5","19","985.7","24","  9.5","24"," 12.1","24"," 21.0"," 28.0","  46.9"," ","  33.1"," "," 0.00","G","999.9","001000"
"72520804855","2020-11-18","40.61611","-83.06361","303.0","MARION MUNICIPAL AIRPORT, OH US","  33.3","24","  21.3","24","1034.7","24","997.2","24","  9.9","24","  7.2","24"," 13.0"," 17.1","  45.0"," ","  21.9"," "," 0.00","G","999.9","000000"
"72520804855","2020-11-19","40.61611","-83.06361","303.0","MARION MUNICIPAL AIRPORT, OH US","  47.3","24","  24.0","24","1026.0","24","989.2","24"," 10.0","24"," 16.7","24"," 24.1"," 33.0","  64.0"," ","  21.9"," "," 0.00","G","999.9","000000"
"72520804855","2020-11-20","40.61611","-83.06361","303.0","MARION MUNICIPAL AIRPORT, OH US","  54.4","24","  32.7","24","1024.5","24","988.2","24"," 10.0","24"," 12.3","24"," 22.9"," 33.0","  64.0"," ","  36.0"," "," 0.00","G","999.9","000000"
"72520804855","2020-11-21","40.61611","-83.06361","303.0","MARION MUNICIPAL AIRPORT, OH US","  46.4","24","  38.6","24","1030.5","20","994.0","24","  9.3","24","  6.5","24","  9.9","999.9","  62.1"," ","  41.0"," "," 0.02","G","999.9","000000"
"72520804855","2020-11-22","40.61611","-83.06361","303.0","MARION MUNICIPAL AIRPORT, OH US","  38.3","24","  34.5","24","1026.2","17","986.7","24","  6.4","24","  7.8","24"," 17.1","999.9","  52.0"," ","  36.0"," "," 0.14","G","999.9","010000"
"72520804855","2020-11-23","40.61611","-83.06361","303.0","MARION MUNICIPAL AIRPORT, OH US","  38.4","24","  32.1","24","1025.0","16","987.2","24","  7.4","24","  8.7","24"," 14.0"," 17.1","  46.0"," ","  34.0"," "," 0.47","G","999.9","000000"
"72520804855","2020-11-24","40.61611","-83.06361","303.0","MARION MUNICIPAL AIRPORT, OH US","  34.1","24","  28.7","24","1026.7","24","989.6","24","  8.1","24","  5.2","24"," 11.1","999.9","  46.0"," ","  27.0"," "," 0.00","G","999.9","010000"
"72520804855","2020-11-25","40.61611","-83.06361","303.0","MARION MUNICIPAL AIRPORT, OH US","  44.1","24","  38.3","24","1015.7","20","979.3","24","  7.7","24"," 12.1","24"," 18.1"," 25.1","  50.0"," ","  27.0"," "," 0.02","G","999.9","010000"
"72520804855","2020-11-26","40.61611","-83.06361","303.0","MARION MUNICIPAL AIRPORT, OH US","  50.2","24","  45.4","24","1013.6","15","977.3","24","  8.9","24"," 10.7","24"," 18.1"," 26.0","  54.0"," ","  37.0"," "," 0.87","G","999.9","010000"
"72520804855","2020-11-27","40.61611","-83.06361","303.0","MARION MUNICIPAL AIRPORT, OH US","  46.2","24","  38.2","24","1019.5","21","983.1","24","  9.3","24","  3.7","24","  8.0","999.9","  54.0"," ","  44.1"," "," 0.00","G","999.9","000000"
"72520804855","2020-11-28","40.61611","-83.06361","303.0","MARION MUNICIPAL AIRPORT, OH US","  39.0","24","  31.1","24","1021.0","20","984.2","24","  7.3","24","  5.5","24"," 15.9"," 20.0","  48.9"," ","  32.0"," "," 0.00","G","999.9","000000"
"72520804855","2020-11-29","40.61611","-83.06361","303.0","MARION MUNICIPAL AIRPORT, OH US","  37.7","24","  28.0","24","1019.3","24","982.5","24","  7.6","24","  7.0","24"," 12.0","999.9","  51.1"," ","  28.9"," "," 0.00","G","999.9","000000"
"72520804855","2020-11-30","40.61611","-83.06361","303.0","MARION MUNICIPAL AIRPORT, OH US","  37.0","24","  32.4","24","1007.7","17","970.5","24","  4.5","24","  9.7","24"," 18.1"," 25.1","  51.1"," ","  28.9"," "," 0.24","G","999.9","011000"
"72520804855","2020-12-01","40.61611","-83.06361","303.0","MARION MUNICIPAL AIRPORT, OH US","  29.5","24","  25.7","24","1011.1"," 9","972.8","24","  3.1","24"," 12.4","24"," 18.1"," 25.1","  42.1"," ","  28.0"," "," 0.20","G","999.9","001000"
"72520804855","2020-12-02","40.61611","-83.06361","303.0","MARION MUNICIPAL AIRPORT, OH US","  30.7","24","  24.9","24","1022.2","24","984.6","24","  8.8","24","  9.5","24"," 17.1"," 25.1","  37.0"," ","  25.0"," "," 0.01","G","999.9","000000"
"72520804855","2020-12-03","40.61611","-83.06361","303.0","MARION MUNICIPAL AIRPORT, OH US","  28.6","24","  22.9","24","1024.3","24","987.0","24","  7.6","24","  8.0","24"," 14.0","999.9","  37.0"," ","  19.9"," "," 0.00","G","999.9","000000"
"72520804855","2020-12-04","40.61611","-83.06361","303.0","MARION MUNICIPAL AIRPORT, OH US","  37.2","24","  28.0","24","1016.5","24","979.7","24","  9.6","24","  7.8","24"," 11.1","999.9","  45.0"," ","  19.9"," "," 0.00","G","999.9","000000"
"72520804855","2020-12-05","40.61611","-83.06361","303.0","MARION MUNICIPAL AIRPORT, OH US","  36.7","24","  29.9","24","1016.6","19","980.6","24","  8.8","24","  6.2","24","  8.9","999.9","  45.0"," ","  30.0"," "," 0.00","G","999.9","000000"
"72520804855","2020-12-06","40.61611","-83.06361","303.0","MARION MUNICIPAL AIRPORT, OH US","  31.0","24","  23.7","24","1018.9","20","982.0","24","  9.8","24","  4.5","24","  8.9","999.9","  39.9"," ","  25.0"," "," 0.00","G","999.9","000000"
"72520804855","2020-12-07","40.61611","-83.06361","303.0","MARION MUNICIPAL AIRPORT, OH US","  30.9","24","  24.3","24","1015.9","20","978.9","24","  9.0","24","  7.2","24"," 11.1","999.9","  35.1"," ","  25.0"," "," 0.00","G","999.9","000000"
"72520804855","2020-12-08","40.61611","-83.06361","303.0","MARION MUNICIPAL AIRPORT, OH US","  31.6","24","  23.3","24","1018.6","24","981.6","24","  9.8","24","  6.6","24","  9.9","999.9","  35.1"," ","  26.1"," "," 0.00","G","999.9","000000"
"72520804855","2020-12-09","40.61611","-83.06361","303.0","MARION MUNICIPAL AIRPORT, OH US","  36.8","24","  29.0","24","1012.6","22","976.0","24","  6.3","24","  9.1","24"," 13.0","999.9","  46.9"," ","  26.1"," "," 0.00","G","999.9","000000"
"72520804855","2020-12-10","40.61611","-83.06361","303.0","MARION MUNICIPAL AIRPORT, OH US","  36.2","23","  30.4","23","1017.9","20","981.1","23","  4.1","23","  4.4","23"," 11.1","999.9","  51.1"," ","  23.0"," "," 0.00","G","999.9","100000"
"72520804855","2020-12-11","40.61611","-83.06361","303.0","MARION MUNICIPAL AIRPORT, OH US","  46.0","24","  35.9","24","1016.0","24","979.5","24","  8.7","24","  8.9","24"," 11.1","999.9","  62.1"," ","  23.0"," "," 0.00","G","999.9","000000"
"72520804855","2020-12-12","40.61611","-83.06361","303.0","MARION MUNICIPAL AIRPORT, OH US","  51.0","24","  41.6","24","1010.1","23","974.1","24","  9.4","24"," 12.0","24"," 19.0"," 28.0","  62.1"," ","  37.0"," "," 0.00","G","999.9","010000"
"72520804855","2020-12-13","40.61611","-83.06361","303.0","MARION MUNICIPAL AIRPORT, OH US","  38.6","24","  31.5","24","1018.2","21","981.1","24","  9.7","24","  7.7","24"," 15.9"," 22.0","  59.0"," ","  35.1"," "," 0.07","G","999.9","000000"
"72520804855","2020-12-14","40.61611","-83.06361","303.0","MARION MUNICIPAL AIRPORT, OH US","  33.9","24","  26.2","24","1019.9","20","982.7","24","  9.8","24","  6.6","24"," 14.0"," 20.0","  43.0"," ","  30.0"," "," 0.00","G","999.9","000000"
"72520804855","2020-12-15","40.61611","-83.06361","303.0","MARION MUNICIPAL AIRPORT, OH US","  26.4","24","  18.0","24","1027.8","24","990.2","24","  9.4","24","  4.6","24","  8.9","999.9","  36.0"," ","  19.0"," "," 0.00","G","999.9","000000"
"72520804855","2020-12-16","40.61611","-83.06361","303.0","MARION MUNICIPAL AIRPORT, OH US","  29.6","24","  22.3","24","1019.7","16","980.7","24","  6.4","24","  6.9","24"," 13.0","999.9","  33.1"," ","  19.0"," "," 0.00","G","999.9","001000"
"72520804855","2020-12-17","40.61611","-83.06361","303.0","MARION MUNICIPAL AIRPORT, OH US","  29.3","24","  26.8","24","1017.0"," 7","979.5","24","  1.8","24","  5.2","24","  8.9","999.9","  30.9","*","  27.0","*"," 0.05","G","999.9","101000"
"72520804855","2020-12-18","40.61611","-83.06361","303.0","MARION MUNICIPAL AIRPORT, OH US","  28.5","24","  24.4","24","1028.4","18","990.5","24","  3.6","24","  4.7","24","  7.0","999.9","  33.1","*","  26.6","*"," 0.01","G","999.9","001000"
"72520804855","2020-12-19","40.61611","-83.06361","303.0","MARION MUNICIPAL AIRPORT, OH US","  31.4","24","  24.9","24","1024.5","23","987.0","24","  7.6","24"," 10.1","24"," 14.0","999.9","  37.0"," ","  26.1"," "," 0.00","G","999.9","010000"
"72520804855","2020-12-20","40.61611","-83.06361","303.0","MARION MUNICIPAL AIRPORT, OH US","  36.2","24","  33.5","24","1015.3","17","978.6","24","  3.6","24","  8.6","24"," 12.0","999.9","  39.9"," ","  26.1"," "," 0.12","G","999.9","111000"
"72520804855","2020-12-21","40.61611","-83.06361","303.0","MARION MUNICIPAL AIRPORT, OH US","  35.1","24","  32.0","24","1010.2","18","972.8","24","  4.4","24","  8.5","24"," 14.0","999.9","  39.9"," ","  30.9"," "," 0.01","G","999.9","010000"
"72520804855","2020-12-22","40.61611","-83.06361","303.0","MARION MUNICIPAL AIRPORT, OH US","  38.4","24","  31.4","24","1016.0","22","979.8","24","  9.5","24"," 10.6","24"," 15.0"," 25.1","  41.0"," ","  32.0"," "," 0.03","G","999.9","010000"
"72520804855","2020-12-23","40.61611","-83.06361","303.0","MARION MUNICIPAL AIRPORT, OH US","  38.9","24","  28.0","24","1018.6","23","982.1","24","  9.9","24"," 12.1","24"," 18.1"," 26.0","  51.1"," ","  28.0"," "," 0.00","G","999.9","000000"
"72520804855","2020-12-24","40.61611","-83.06361","303.0","MARION MUNICIPAL AIRPORT, OH US","  36.7","24","  29.3","24","1007.0","13","970.6","24","  6.7","24"," 13.9","24"," 22.0"," 28.9","  51.1"," ","  19.9"," "," 0.14","G","999.9","011000"
"72520804855","2020-12-25","40.61611","-83.06361","303.0","MARION MUNICIPAL AIRPORT, OH US","  16.5","24","  11.3","24","1011.0"," 7","972.9","24","  2.2","24"," 10.0","24"," 20.0"," 26.0","  19.9","*","  14.0","*"," 0.09","G","999.9","101000"
"72520804855","2020-12-26","40.61611","-83.06361","303.0","MARION MUNICIPAL AIRPORT, OH US","  17.9","24","   9.5","24","1015.8","23","978.2","24","  8.8","24"," 11.1","24"," 15.0"," 25.1","  27.0"," ","  12.9"," "," 0.00","G","999.9","001000"
"72520804855","2020-12-27","40.61611","-83.06361","303.0","MARION MUNICIPAL AIRPORT, OH US","  25.7","24","  18.3","24","1017.0","24","979.7","24","  9.2","24"," 10.4","24"," 20.0"," 25.1","  39.9"," ","  14.0"," "," 0.00","G","999.9","000000"
"72520804855","2020-12-28","40.61611","-83.06361","303.0","MARION MUNICIPAL AIRPORT, OH US","  37.1","24","  29.2","24","1015.7","15","981.2","24","  8.0","24"," 12.1","24"," 19.0"," 29.9","  45.0","*","  32.0","*"," 0.00","G","999.9","010000"
"72520804855","2020-12-29","40.61611","-83.06361","303.0","MARION MUNICIPAL AIRPORT, OH US","  28.3","24","  19.1","24","1034.1","20","995.6","24","  9.3","24","  4.5","24"," 12.0"," 19.0","  46.0"," ","  21.9"," "," 0.00","G","999.9","001000"
"72520804855","2020-12-30","40.61611","-83.06361","303.0","MARION MUNICIPAL AIRPORT, OH US","  37.9","24","  27.5","24","1020.3","23","983.3","23","  8.4","24"," 13.9","24"," 20.0"," 31.1","  48.0"," ","  21.9"," "," 0.00","G","999.9","010000"
"72520804855","2020-12-31","40.61611","-83.06361","303.0","MARION MUNICIPAL AIRPORT, OH US","  31.4","24","  25.4","24","1024.4","18","980.1"," 9","  6.7","24","  6.8","24"," 17.1"," 26.0","  48.0"," ","  28.9"," "," 0.23","G","999.9","011000"
