"STATION","DATE","LATITUDE","LONGITUDE","ELEVATION","NAME","TEMP","TEMP_ATTRIBUTES","DEWP","DEWP_ATTRIBUTES","SLP","SLP_ATTRIBUTES","STP","STP_ATTRIBUTES","VISIB","VISIB_ATTRIBUTES","WDSP","WDSP_ATTRIBUTES","MXSPD","GUST","MAX","MAX_ATTRIBUTES","MIN","MIN_ATTRIBUTES","PRCP","PRCP_ATTRIBUTES","SNDP","FRSHTT"
"02864099999","2019-01-01","65.781889","24.5991","18.59","KEMI TORNIO, FI","  28.0","24","  24.3","24","9999.9"," 0","999.9"," 0","  5.9","24"," 14.1","24"," 22.0"," 34.0","  34.5"," ","  19.4","*","99.99"," ","999.9","011000"
"02864099999","2019-01-02","65.781889","24.5991","18.59","KEMI TORNIO, FI","   5.3","24","   0.9","24","9999.9"," 0","999.9"," 0","  7.7","24","  6.3","24"," 19.0"," 26.2","  26.4"," ","  -9.2","*","99.99"," ","999.9","001000"
"02864099999","2019-01-03","65.781889","24.5991","18.59","KEMI TORNIO, FI","   9.7","24","   6.3","24","9999.9"," 0","999.9"," 0","  5.9","24","  7.3","24"," 22.0"," 34.0","  30.6"," "," -11.2","*","99.99"," ","999.9","101000"
"02864099999","2019-01-04","65.781889","24.5991","18.59","KEMI TORNIO, FI","  19.1","24","  17.4","24","9999.9"," 0","999.9"," 0","  5.4","24","  2.0","24","  4.1","999.9","  29.8"," ","  13.6"," ","99.99"," ","999.9","101000"
"02864099999","2019-01-05","65.781889","24.5991","18.59","KEMI TORNIO, FI","  13.3","24","  10.7","24","9999.9"," 0","999.9"," 0","  6.8","24","  1.3","24","  4.1","999.9","  20.3"," ","   5.0","*"," 0.00","I","999.9","100000"
"02864099999","2019-01-06","65.781889","24.5991","18.59","KEMI TORNIO, FI","  23.1","24","  21.6","24","9999.9"," 0","999.9"," 0","  6.9","24","  4.2","24","  8.0"," 10.3","  32.4","*","   4.3"," ","99.99"," ","999.9","010000"
"02864099999","2019-01-07","65.781889","24.5991","18.59","KEMI TORNIO, FI","  20.9","24","  18.5","24","9999.9"," 0","999.9"," 0","  6.7","24","  4.6","24","  9.9"," 12.6","  34.5"," ","   3.2","*","99.99"," ","999.9","011000"
"02864099999","2019-01-08","65.781889","24.5991","18.59","KEMI TORNIO, FI","   1.2","24","  -2.7","24","9999.9"," 0","999.9"," 0","  8.0","24","  2.2","24","  5.1","999.9","  12.4"," ","  -4.0","*","99.99"," ","999.9","101000"
"02864099999","2019-01-09","65.781889","24.5991","18.59","KEMI TORNIO, FI","  11.8","24","   8.8","24","9999.9"," 0","999.9"," 0","  6.0","24","  5.2","24"," 12.2"," 16.7","  17.6","*","  -3.6"," ","99.99"," ","999.9","001000"
"02864099999","2019-01-10","65.781889","24.5991","18.59","KEMI TORNIO, FI","  25.5","24","  23.1","24","9999.9"," 0","999.9"," 0","  4.1","24"," 16.4","24"," 28.0"," 41.0","  36.0","*","  12.2"," ","99.99"," ","999.9","011000"
"02864099999","2019-01-11","65.781889","24.5991","18.59","KEMI TORNIO, FI","  32.9","24","  24.6","24","9999.9"," 0","999.9"," 0","  7.3","24"," 11.9","24"," 19.0"," 32.1","  36.7"," ","  30.2","*","99.99"," ","999.9","011000"
"02864099999","2019-01-12","65.781889","24.5991","18.59","KEMI TORNIO, FI","  25.5","24","  14.8","24","9999.9"," 0","999.9"," 0","  7.6","24","  9.5","24"," 15.9"," 29.7","  33.4"," ","  12.2","*"," 0.00","I","999.9","000000"
"02864099999","2019-01-13","65.781889","24.5991","18.59","KEMI TORNIO, FI","  12.2","24","   9.3","24","9999.9"," 0","999.9"," 0","  6.9","24","  4.0","24"," 11.1"," 14.2","  23.0"," ","   1.4","*","99.99"," ","999.9","001000"
"02864099999","2019-01-14","65.781889","24.5991","18.59","KEMI TORNIO, FI","  19.0","24","  15.8","24","9999.9"," 0","999.9"," 0","  3.8","24","  8.0","24"," 11.1"," 17.1","  21.4"," ","  10.4","*","99.99"," ","999.9","001000"
"02864099999","2019-01-15","65.781889","24.5991","18.59","KEMI TORNIO, FI","  14.3","24","  11.1","24","9999.9"," 0","999.9"," 0","  6.9","24","  7.3","24","  9.9"," 12.6","  20.1"," ","  10.8"," ","99.99"," ","999.9","001000"
"02864099999","2019-01-16","65.781889","24.5991","18.59","KEMI TORNIO, FI","   1.0","24","  -3.1","24","9999.9"," 0","999.9"," 0","  6.1","24","  3.1","24"," 10.1"," 12.0","  15.1"," "," -14.8","*","99.99"," ","999.9","001000"
"02864099999","2019-01-17","65.781889","24.5991","18.59","KEMI TORNIO, FI"," -10.2","24"," -15.2","24","9999.9"," 0","999.9"," 0","  6.7","24","  3.3","24","  6.0","999.9","   2.3","*"," -17.0"," ","99.99"," ","999.9","001000"
"02864099999","2019-01-18","65.781889","24.5991","18.59","KEMI TORNIO, FI","  -0.8","24","  -5.0","24","9999.9"," 0","999.9"," 0","  6.0","24","  4.6","24","  7.4","999.9","   6.8","*"," -11.4"," ","99.99"," ","999.9","001000"
"02864099999","2019-01-19","65.781889","24.5991","18.59","KEMI TORNIO, FI","  -5.5","24"," -10.2","24","9999.9"," 0","999.9"," 0","  6.4","24","  2.9","24","  6.0","999.9","   1.4","*"," -13.0","*","99.99"," ","999.9","001000"
"02864099999","2019-01-20","65.781889","24.5991","18.59","KEMI TORNIO, FI"," -14.6","24"," -20.0","24","9999.9"," 0","999.9"," 0","  7.1","24","  4.6","24","  7.0","999.9","  -3.5"," "," -22.0","*","99.99"," ","999.9","001000"
"02864099999","2019-01-21","65.781889","24.5991","18.59","KEMI TORNIO, FI"," -17.6","24"," -23.5","24","9999.9"," 0","999.9"," 0","  7.0","24","  1.3","24","  4.1","999.9","  -9.0"," "," -24.9"," ","99.99"," ","999.9","001000"
"02864099999","2019-01-22","65.781889","24.5991","18.59","KEMI TORNIO, FI","  -9.6","24"," -14.4","24","9999.9"," 0","999.9"," 0","  6.6","24","  2.5","24","  7.0"," 10.3","   3.2","*"," -20.2"," ","99.99"," ","999.9","001000"
"02864099999","2019-01-23","65.781889","24.5991","18.59","KEMI TORNIO, FI","  -7.6","24"," -12.2","24","9999.9"," 0","999.9"," 0","  8.3","24","  5.9","24","  8.9"," 12.8","   2.5"," "," -14.8","*","99.99"," ","999.9","001000"
"02864099999","2019-01-24","65.781889","24.5991","18.59","KEMI TORNIO, FI"," -12.0","24"," -17.0","24","9999.9"," 0","999.9"," 0","  7.0","24","  3.3","24","  7.0","999.9","  -4.0","*"," -20.2","*","99.99"," ","999.9","001000"
"02864099999","2019-01-25","65.781889","24.5991","18.59","KEMI TORNIO, FI","  -4.7","24","  -9.5","24","9999.9"," 0","999.9"," 0","  6.2","24","  4.2","24","  7.0","999.9","   0.0"," "," -11.2","*","99.99"," ","999.9","001000"
"02864099999","2019-01-26","65.781889","24.5991","18.59","KEMI TORNIO, FI","  -9.9","24"," -14.9","24","9999.9"," 0","999.9"," 0","  7.0","24","  6.5","24","  8.0"," 13.8","   0.1","*"," -16.6","*","99.99"," ","999.9","001000"
"02864099999","2019-01-27","65.781889","24.5991","18.59","KEMI TORNIO, FI","  -8.6","24"," -13.6","24","9999.9"," 0","999.9"," 0","  6.1","24","  3.1","24","  5.1"," 42.9","   1.4","*"," -20.4"," ","99.99"," ","999.9","001000"
"02864099999","2019-01-28","65.781889","24.5991","18.59","KEMI TORNIO, FI","   0.1","24","  -4.5","24","9999.9"," 0","999.9"," 0","  6.5","24","  7.0","24"," 11.1"," 15.7","   9.3"," "," -18.9"," ","99.99"," ","999.9","001000"
"02864099999","2019-01-29","65.781889","24.5991","18.59","KEMI TORNIO, FI","  11.3","24","   7.3","24","9999.9"," 0","999.9"," 0","  4.3","24","  7.5","24"," 11.1"," 15.2","  14.0","*","   0.0"," ","99.99"," ","999.9","001000"
"02864099999","2019-01-30","65.781889","24.5991","18.59","KEMI TORNIO, FI","  12.7","24","   9.8","24","9999.9"," 0","999.9"," 0","  3.7","24","  2.9","24","  5.2"," 10.1","  14.9"," ","   5.0","*","99.99"," ","999.9","001000"
"02864099999","2019-01-31","65.781889","24.5991","18.59","KEMI TORNIO, FI","  -0.1","24","  -4.1","24","9999.9"," 0","999.9"," 0","  5.8","24","  1.8","24","  3.3","999.9","  12.0"," ","  -9.9"," ","99.99"," ","999.9","001000"
"02864099999","2019-02-01","65.781889","24.5991","18.59","KEMI TORNIO, FI","  -5.9","24"," -10.7","24","9999.9"," 0","999.9"," 0","  5.8","24","  2.5","24","  9.9"," 42.9","   5.9"," "," -16.6","*","99.99"," ","999.9","001000"
"02864099999","2019-02-02","65.781889","24.5991","18.59","KEMI TORNIO, FI","  -1.0","24","  -5.3","24","9999.9"," 0","999.9"," 0","  6.4","24","  5.5","24","  7.8"," 12.8","   8.6","*"," -13.0"," ","99.99"," ","999.9","001000"
"02864099999","2019-02-03","65.781889","24.5991","18.59","KEMI TORNIO, FI","  -2.7","24","  -7.8","24","9999.9"," 0","999.9"," 0","  7.2","24","  8.6","24"," 13.0"," 28.0","  10.4","*"," -13.0","*","99.99"," ","999.9","001000"
"02864099999","2019-02-04","65.781889","24.5991","18.59","KEMI TORNIO, FI","   9.6","24","   4.8","24","9999.9"," 0","999.9"," 0","  2.4","24","  8.5","24"," 12.2"," 21.4","  12.2","*","   3.2","*","99.99"," ","999.9","001000"
"02864099999","2019-02-05","65.781889","24.5991","18.59","KEMI TORNIO, FI","  -8.7","24"," -13.6","24","9999.9"," 0","999.9"," 0","  6.2","24","  2.0","24","  6.4","999.9","   9.5"," "," -25.6","*","99.99"," ","999.9","101000"
"02864099999","2019-02-06","65.781889","24.5991","18.59","KEMI TORNIO, FI"," -12.2","24"," -16.8","24","9999.9"," 0","999.9"," 0","  6.7","24","  2.8","24","  6.0","999.9","  -0.4","*"," -26.3"," ","99.99"," ","999.9","001000"
"02864099999","2019-02-07","65.781889","24.5991","18.59","KEMI TORNIO, FI","   7.4","24","   3.8","24","9999.9"," 0","999.9"," 0","  4.8","24","  5.2","24","  8.9"," 12.8","  14.0","*","  -7.8"," ","99.99"," ","999.9","001000"
"02864099999","2019-02-08","65.781889","24.5991","18.59","KEMI TORNIO, FI","  17.8","24","  15.7","24","9999.9"," 0","999.9"," 0","  5.3","24","  5.2","24","  9.9"," 11.7","  24.8","*","   5.0"," ","99.99"," ","999.9","001000"
"02864099999","2019-02-09","65.781889","24.5991","18.59","KEMI TORNIO, FI","  18.3","24","  15.4","24","9999.9"," 0","999.9"," 0","  6.2","24","  4.7","24","  9.7"," 12.2","  28.4","*","  15.4"," ","99.99"," ","999.9","001000"
"02864099999","2019-02-10","65.781889","24.5991","18.59","KEMI TORNIO, FI","  31.6","24","  31.4","24","9999.9"," 0","999.9"," 0","  2.9","24","  6.7","24"," 13.0"," 17.9","  32.9"," ","  18.7"," ","99.99"," ","999.9","111000"
"02864099999","2019-02-11","65.781889","24.5991","18.59","KEMI TORNIO, FI","  15.9","24","  13.4","24","9999.9"," 0","999.9"," 0","  5.9","24","  4.7","24"," 11.1"," 15.3","  32.5"," ","  -2.2","*","99.99"," ","999.9","001000"
"02864099999","2019-02-12","65.781889","24.5991","18.59","KEMI TORNIO, FI","   1.3","24","  -2.4","24","9999.9"," 0","999.9"," 0","  6.6","24","  2.8","24","  6.0","999.9","   9.9"," ","  -7.8"," ","99.99"," ","999.9","101000"
"02864099999","2019-02-13","65.781889","24.5991","18.59","KEMI TORNIO, FI","   9.5","24","   7.0","24","9999.9"," 0","999.9"," 0","  5.6","24","  3.9","24","  8.0"," 14.2","  17.6","*","  -2.7"," ","99.99"," ","999.9","101000"
"02864099999","2019-02-14","65.781889","24.5991","18.59","KEMI TORNIO, FI","  21.9","24","  18.1","24","9999.9"," 0","999.9"," 0","  6.1","24","  9.4","24"," 18.1"," 28.9","  39.6","*","   1.4","*","99.99"," ","999.9","011000"
"02864099999","2019-02-15","65.781889","24.5991","18.59","KEMI TORNIO, FI","  36.8","24","  25.2","24","9999.9"," 0","999.9"," 0","  7.0","24","  8.6","24"," 19.0"," 31.1","  42.8","*","  26.6","*"," 0.00","I","999.9","000000"
"02864099999","2019-02-16","65.781889","24.5991","18.59","KEMI TORNIO, FI","  34.7","24","  26.3","24","9999.9"," 0","999.9"," 0","  6.8","24"," 12.3","24"," 22.0"," 33.0","  39.6"," ","  25.9"," "," 0.00","I","999.9","100000"
"02864099999","2019-02-17","65.781889","24.5991","18.59","KEMI TORNIO, FI","  25.1","24","  14.8","24","9999.9"," 0","999.9"," 0","  7.8","24"," 10.1","24"," 25.1"," 36.9","  39.6"," ","   6.8","*"," 0.00","I","999.9","000000"
"02864099999","2019-02-18","65.781889","24.5991","18.59","KEMI TORNIO, FI","  23.5","24","  21.1","24","9999.9"," 0","999.9"," 0","  4.7","24","  7.9","24"," 13.0"," 24.1","  32.0","*","   6.6"," ","99.99"," ","999.9","111000"
"02864099999","2019-02-19","65.781889","24.5991","18.59","KEMI TORNIO, FI","  26.8","24","  25.9","24","9999.9"," 0","999.9"," 0","  3.2","24","  5.3","24"," 14.0","999.9","  31.8"," ","  20.7"," ","99.99"," ","999.9","111000"
"02864099999","2019-02-20","65.781889","24.5991","18.59","KEMI TORNIO, FI","  16.0","24","   9.4","24","9999.9"," 0","999.9"," 0","  5.4","24"," 15.8","24"," 24.1"," 33.0","  30.0"," ","  -7.6","*","99.99"," ","999.9","001000"
"02864099999","2019-02-21","65.781889","24.5991","18.59","KEMI TORNIO, FI","  -5.5","24"," -10.9","24","9999.9"," 0","999.9"," 0","  7.6","24","  2.8","24","  6.0","999.9","  13.6"," "," -15.2","*","99.99"," ","999.9","101000"
"02864099999","2019-02-22","65.781889","24.5991","18.59","KEMI TORNIO, FI","  13.0","24","   9.3","24","9999.9"," 0","999.9"," 0","  6.5","24"," 10.7","24"," 22.0"," 28.9","  32.0","*"," -16.8"," ","99.99"," ","999.9","011000"
"02864099999","2019-02-23","65.781889","24.5991","18.59","KEMI TORNIO, FI","  34.8","24","  31.2","24","9999.9"," 0","999.9"," 0","  7.1","24","  6.1","24"," 10.5"," 14.0","  43.7"," ","  25.7"," ","99.99"," ","999.9","010000"
"02864099999","2019-02-24","65.781889","24.5991","18.59","KEMI TORNIO, FI","  34.6","24","  29.3","24","9999.9"," 0","999.9"," 0","  5.9","24","  7.4","24"," 13.0"," 22.9","  41.5"," ","  26.4"," ","99.99"," ","999.9","110000"
"02864099999","2019-02-25","65.781889","24.5991","18.59","KEMI TORNIO, FI","  40.2","24","  27.4","24","9999.9"," 0","999.9"," 0","  7.8","24","  8.6","24"," 15.9"," 27.0","  46.4","*","  26.6","*"," 0.00","I","999.9","000000"
"02864099999","2019-02-26","65.781889","24.5991","18.59","KEMI TORNIO, FI","  30.4","24","  25.2","24","9999.9"," 0","999.9"," 0","  7.3","24","  5.6","24"," 17.1"," 26.0","  39.2","*","  24.8","*","99.99"," ","999.9","011000"
"02864099999","2019-02-27","65.781889","24.5991","18.59","KEMI TORNIO, FI","  35.7","24","  31.5","24","9999.9"," 0","999.9"," 0","  7.5","24","  9.9","24"," 18.1"," 32.1","  38.7"," ","  26.8"," ","99.99"," ","999.9","011000"
"02864099999","2019-02-28","65.781889","24.5991","18.59","KEMI TORNIO, FI","  19.0","24","   9.6","24","9999.9"," 0","999.9"," 0","  6.2","24"," 11.1","24"," 21.0"," 33.0","  36.0"," ","  -0.4","*","99.99"," ","999.9","101000"
"02864099999","2019-03-01","65.781889","24.5991","18.59","KEMI TORNIO, FI","  12.2","24","   6.3","24","9999.9"," 0","999.9"," 0","  7.5","24","  3.4","24","  8.9"," 12.8","  23.0"," ","  -2.6"," ","99.99"," ","999.9","001000"
"02864099999","2019-03-02","65.781889","24.5991","18.59","KEMI TORNIO, FI","  14.4","24","   7.4","24","9999.9"," 0","999.9"," 0","  6.3","24","  9.7","24"," 18.1"," 27.0","  21.4"," ","   3.2","*","99.99"," ","999.9","001000"
"02864099999","2019-03-03","65.781889","24.5991","18.59","KEMI TORNIO, FI","   1.2","24","  -5.9","24","9999.9"," 0","999.9"," 0","  8.3","24","  4.0","24","  8.9"," 11.3","  17.6","*"," -13.0","*"," 0.00","I","999.9","000000"
"02864099999","2019-03-04","65.781889","24.5991","18.59","KEMI TORNIO, FI","   3.6","24","  -0.2","24","9999.9"," 0","999.9"," 0","  6.6","24","  3.6","24","  7.0","999.9","  14.0","*"," -13.7"," ","99.99"," ","999.9","101000"
"02864099999","2019-03-05","65.781889","24.5991","18.59","KEMI TORNIO, FI","   5.9","24","  -4.8","24","9999.9"," 0","999.9"," 0","  7.4","24","  5.7","24","  9.3"," 11.3","  18.5","*","  -9.4","*"," 0.00","I","999.9","100000"
"02864099999","2019-03-06","65.781889","24.5991","18.59","KEMI TORNIO, FI","  16.7","24","   6.3","24","9999.9"," 0","999.9"," 0","  7.8","24","  6.9","24","  9.9"," 13.6","  26.6","*","  -5.3"," "," 0.00","I","999.9","000000"
"02864099999","2019-03-07","65.781889","24.5991","18.59","KEMI TORNIO, FI","  15.6","24","  11.2","24","9999.9"," 0","999.9"," 0","  7.5","24","  4.5","24","  8.0"," 12.6","  25.7"," ","  -1.1"," ","99.99"," ","999.9","001000"
"02864099999","2019-03-08","65.781889","24.5991","18.59","KEMI TORNIO, FI","  22.6","24","  19.6","24","9999.9"," 0","999.9"," 0","  2.3","24","  8.8","24"," 11.5"," 21.0","  25.3","*","  16.2"," ","99.99"," ","999.9","001000"
"02864099999","2019-03-09","65.781889","24.5991","18.59","KEMI TORNIO, FI","  23.3","24","  20.9","24","9999.9"," 0","999.9"," 0","  3.5","24","  7.5","24"," 10.7"," 19.0","  28.4","*","  17.6","*","99.99"," ","999.9","001000"
"02864099999","2019-03-10","65.781889","24.5991","18.59","KEMI TORNIO, FI","  18.6","24","  14.9","24","9999.9"," 0","999.9"," 0","  6.0","24","  7.3","24"," 14.0"," 20.8","  25.3"," ","   8.1"," ","99.99"," ","999.9","001000"
"02864099999","2019-03-11","65.781889","24.5991","18.59","KEMI TORNIO, FI","  20.1","24","  11.8","24","9999.9"," 0","999.9"," 0","  6.2","24"," 12.3","24"," 15.9"," 29.9","  26.6","*","   6.8","*","99.99"," ","999.9","001000"
"02864099999","2019-03-12","65.781889","24.5991","18.59","KEMI TORNIO, FI","   8.8","24","   2.2","24","9999.9"," 0","999.9"," 0","  7.7","24","  3.7","24","  8.0","999.9","  28.4"," ","  -7.6","*","99.99"," ","999.9","001000"
"02864099999","2019-03-13","65.781889","24.5991","18.59","KEMI TORNIO, FI","  12.1","20","   5.0","20","9999.9"," 0","999.9"," 0","  9.4","20","  5.8","20","  9.7"," 15.7","  26.1"," ","  -9.9"," ","99.99"," ","999.9","001000"
"02864099999","2019-03-14","65.781889","24.5991","18.59","KEMI TORNIO, FI","  26.6","24","  22.4","24","9999.9"," 0","999.9"," 0","  5.7","24","  9.6","24"," 13.0"," 24.1","  31.1","*","  20.3"," ","99.99"," ","999.9","001000"
"02864099999","2019-03-15","65.781889","24.5991","18.59","KEMI TORNIO, FI","  31.6","24","  30.4","24","9999.9"," 0","999.9"," 0","  3.0","24","  9.1","24"," 12.0"," 20.6","  32.5"," ","  29.5"," ","99.99"," ","999.9","111000"
"02864099999","2019-03-16","65.781889","24.5991","18.59","KEMI TORNIO, FI","  32.3","24","  32.0","24"," 993.5"," 7","992.1"," 7","  3.0","24","  3.5","24","  5.1","999.9","  34.3"," ","  31.1"," ","99.99"," ","999.9","111000"
"02864099999","2019-03-17","65.781889","24.5991","18.59","KEMI TORNIO, FI","  33.1","24","  32.1","24","9999.9"," 0","999.9"," 0","  4.0","24","  3.9","24","  7.0"," 10.1","  34.5"," ","  32.0","*","99.99"," ","999.9","011000"
"02864099999","2019-03-18","65.781889","24.5991","18.59","KEMI TORNIO, FI","  33.1","24","  32.4","24","9999.9"," 0","999.9"," 0","  3.9","24","  4.7","24","  9.9"," 17.5","  34.5"," ","  32.0","*","99.99"," ","999.9","111000"
"02864099999","2019-03-19","65.781889","24.5991","18.59","KEMI TORNIO, FI","  29.4","24","  25.8","24","9999.9"," 0","999.9"," 0","  6.2","24","  6.6","24"," 12.0"," 15.5","  35.6","*","  19.4","*","99.99"," ","999.9","111000"
"02864099999","2019-03-20","65.781889","24.5991","18.59","KEMI TORNIO, FI","  29.2","24","  26.3","24","9999.9"," 0","999.9"," 0","  5.2","24","  7.9","24"," 15.0"," 20.2","  30.6"," ","  19.4"," ","99.99"," ","999.9","011000"
"02864099999","2019-03-21","65.781889","24.5991","18.59","KEMI TORNIO, FI","  30.8","24","  25.9","24","9999.9"," 0","999.9"," 0","  4.2","24"," 10.0","24"," 23.7"," 42.3","  37.9"," ","  24.8","*","99.99"," ","999.9","111000"
"02864099999","2019-03-22","65.781889","24.5991","18.59","KEMI TORNIO, FI","  32.4","24","  19.7","24","9999.9"," 0","999.9"," 0","  7.8","24"," 11.6","24"," 22.1"," 36.9","  39.2","*","  24.8"," ","99.99"," ","999.9","011000"
"02864099999","2019-03-23","65.781889","24.5991","18.59","KEMI TORNIO, FI","  34.2","24","  29.9","24","9999.9"," 0","999.9"," 0","  5.6","24"," 16.1","24"," 21.0"," 31.1","  37.4","*","  28.9"," ","99.99"," ","999.9","111000"
"02864099999","2019-03-24","65.781889","24.5991","18.59","KEMI TORNIO, FI","  38.2","24","  24.1","24","9999.9"," 0","999.9"," 0","  7.4","24"," 12.4","24"," 21.0"," 34.0","  43.9"," ","  32.4"," ","99.99"," ","999.9","110000"
"02864099999","2019-03-25","65.781889","24.5991","18.59","KEMI TORNIO, FI","  27.3","24","  15.6","24","9999.9"," 0","999.9"," 0"," 10.0","24","  8.8","24"," 17.7"," 24.5","  38.5"," ","  10.4","*"," 0.00","I","999.9","100000"
"02864099999","2019-03-26","65.781889","24.5991","18.59","KEMI TORNIO, FI","  22.1","24","  11.7","24","9999.9"," 0","999.9"," 0","  7.1","24","  5.0","24"," 11.3"," 15.9","  34.3"," ","   8.2"," "," 0.00","I","999.9","000000"
"02864099999","2019-03-27","65.781889","24.5991","18.59","KEMI TORNIO, FI","  24.5","24","  21.5","24","9999.9"," 0","999.9"," 0","  7.5","24","  7.5","24"," 19.0"," 28.9","  35.6","*","  10.2"," ","99.99"," ","999.9","101000"
"02864099999","2019-03-28","65.781889","24.5991","18.59","KEMI TORNIO, FI","  34.7","24","  28.8","24","9999.9"," 0","999.9"," 0","  8.3","24"," 12.7","24"," 25.1"," 37.7","  41.0","*","  16.9"," ","99.99"," ","999.9","011000"
"02864099999","2019-03-29","65.781889","24.5991","18.59","KEMI TORNIO, FI","  39.0","24","  25.7","24","9999.9"," 0","999.9"," 0","  7.8","24"," 16.0","24"," 22.7"," 44.1","  45.0"," ","  31.6","*","99.99"," ","999.9","010000"
"02864099999","2019-03-30","65.781889","24.5991","18.59","KEMI TORNIO, FI","  34.7","24","  18.9","24","9999.9"," 0","999.9"," 0","  7.2","24"," 11.3","24"," 18.1"," 28.0","  41.0","*","  26.6","*"," 0.00","I","999.9","000000"
"02864099999","2019-03-31","65.781889","24.5991","18.59","KEMI TORNIO, FI","  31.1","24","  18.6","24","9999.9"," 0","999.9"," 0","  7.3","24","  6.7","24"," 14.0"," 18.5","  39.4"," ","  23.0","*","99.99"," ","999.9","001000"
"02864099999","2019-04-01","65.781889","24.5991","18.59","KEMI TORNIO, FI","  29.7","24","  22.4","24","9999.9"," 0","999.9"," 0","  7.5","24","  7.9","24"," 14.0"," 18.6","  33.8"," ","  21.9"," ","99.99"," ","999.9","001000"
"02864099999","2019-04-02","65.781889","24.5991","18.59","KEMI TORNIO, FI","  32.1","24","  27.4","24","9999.9"," 0","999.9"," 0","  7.4","24"," 10.7","24"," 17.1"," 22.5","  36.9"," ","  21.4"," "," 0.00","I","999.9","100000"
"02864099999","2019-04-03","65.781889","24.5991","18.59","KEMI TORNIO, FI","  32.9","24","  28.6","24","9999.9"," 0","999.9"," 0","  6.5","24"," 12.0","24"," 17.1"," 23.7","  35.8"," ","  28.4","*"," 0.00","I","999.9","000000"
"02864099999","2019-04-04","65.781889","24.5991","18.59","KEMI TORNIO, FI","  31.7","24","  29.0","24","9999.9"," 0","999.9"," 0","  5.9","24","  8.2","24"," 15.9"," 21.6","  35.2"," ","  26.6","*","99.99"," ","999.9","111000"
"02864099999","2019-04-05","65.781889","24.5991","18.59","KEMI TORNIO, FI","  33.0","24","  22.9","24","9999.9"," 0","999.9"," 0","  7.4","24","  7.1","24"," 10.5"," 15.3","  39.9"," ","  23.0","*"," 0.00","I","999.9","000000"
"02864099999","2019-04-06","65.781889","24.5991","18.59","KEMI TORNIO, FI","  33.7","24","  27.8","24","1021.0"," 4","019.5"," 4","  8.5","24","  4.5","24","  9.9"," 12.6","  43.0"," ","  24.8","*"," 0.00","I","999.9","000000"
"02864099999","2019-04-07","65.781889","24.5991","18.59","KEMI TORNIO, FI","  32.1","24","  24.6","24","9999.9"," 0","999.9"," 0","  7.6","24"," 11.8","24"," 19.0"," 28.0","  41.4"," ","  22.3"," "," 0.00","I","999.9","000000"
"02864099999","2019-04-08","65.781889","24.5991","18.59","KEMI TORNIO, FI","  29.2","24","  23.2","24","9999.9"," 0","999.9"," 0","  5.5","24"," 14.9","24"," 18.1"," 32.2","  33.4"," ","  26.2"," ","99.99"," ","999.9","011000"
"02864099999","2019-04-09","65.781889","24.5991","18.59","KEMI TORNIO, FI","  29.2","24","  14.5","24","9999.9"," 0","999.9"," 0","  6.0","24"," 13.7","24"," 19.0"," 34.2","  33.8","*","  23.0","*","99.99"," ","999.9","001000"
"02864099999","2019-04-10","65.781889","24.5991","18.59","KEMI TORNIO, FI","  26.8","24","  14.0","24","9999.9"," 0","999.9"," 0","  7.6","24"," 10.9","24"," 18.6"," 29.3","  33.8","*","  19.4","*"," 0.00","I","999.9","000000"
"02864099999","2019-04-11","65.781889","24.5991","18.59","KEMI TORNIO, FI","  27.0","24","  16.4","24","9999.9"," 0","999.9"," 0","  7.8","24","  4.9","24","  9.9"," 13.8","  39.4"," ","  11.3"," "," 0.00","I","999.9","000000"
"02864099999","2019-04-12","65.781889","24.5991","18.59","KEMI TORNIO, FI","  35.1","24","  23.2","24","9999.9"," 0","999.9"," 0","  7.6","24","  4.2","24","  9.9"," 13.2","  43.0"," ","  19.2"," "," 0.00","I","999.9","000000"
"02864099999","2019-04-13","65.781889","24.5991","18.59","KEMI TORNIO, FI","  37.3","24","  23.8","24","9999.9"," 0","999.9"," 0","  7.2","24","  3.4","24","  8.5"," 14.0","  43.3"," ","  30.2","*"," 0.00","I","999.9","000000"
"02864099999","2019-04-14","65.781889","24.5991","18.59","KEMI TORNIO, FI","  35.0","24","  25.7","24","9999.9"," 0","999.9"," 0","  7.6","24","  4.1","24","  9.9"," 14.0","  43.7"," ","  24.8","*"," 0.00","I","999.9","000000"
"02864099999","2019-04-15","65.781889","24.5991","18.59","KEMI TORNIO, FI","  34.9","24","  25.9","24","9999.9"," 0","999.9"," 0","  6.8","24","  4.0","24","  9.9"," 14.4","  47.1"," ","  23.0","*"," 0.00","I","999.9","000000"
"02864099999","2019-04-16","65.781889","24.5991","18.59","KEMI TORNIO, FI","  33.8","24","  26.5","24","9999.9"," 0","999.9"," 0","  7.4","24","  4.2","24","  7.2","999.9","  44.6","*","  22.1"," "," 0.00","I","999.9","000000"
"02864099999","2019-04-17","65.781889","24.5991","18.59","KEMI TORNIO, FI","  36.1","24","  25.5","24","9999.9"," 0","999.9"," 0","  7.1","24","  4.0","24","  8.0"," 10.3","  48.4"," ","  24.8","*"," 0.00","I","999.9","000000"
"02864099999","2019-04-18","65.781889","24.5991","18.59","KEMI TORNIO, FI","  34.9","24","  25.4","24","9999.9"," 0","999.9"," 0","  8.2","24","  4.3","24","  8.0"," 10.7","  46.4","*","  22.3"," "," 0.00","I","999.9","000000"
"02864099999","2019-04-19","65.781889","24.5991","18.59","KEMI TORNIO, FI","  39.9","24","  28.7","24","9999.9"," 0","999.9"," 0","  7.0","24","  3.9","24","  7.0","999.9","  50.4"," ","  28.4","*"," 0.00","I","999.9","000000"
"02864099999","2019-04-20","65.781889","24.5991","18.59","KEMI TORNIO, FI","  37.3","24","  33.5","24","9999.9"," 0","999.9"," 0","  6.1","24","  4.9","24","  8.0"," 44.1","  42.8","*","  32.0","*"," 0.00","I","999.9","000000"
"02864099999","2019-04-21","65.781889","24.5991","18.59","KEMI TORNIO, FI","  36.5","24","  33.2","24","9999.9"," 0","999.9"," 0","  7.1","24","  9.5","24"," 15.7"," 22.1","  40.3"," ","  32.0"," ","99.99"," ","999.9","010000"
"02864099999","2019-04-22","65.781889","24.5991","18.59","KEMI TORNIO, FI","  36.9","24","  33.8","24","9999.9"," 0","999.9"," 0","  6.0","24","  6.2","24"," 11.1"," 12.2","  42.8","*","  32.0","*","99.99"," ","999.9","110000"
"02864099999","2019-04-23","65.781889","24.5991","18.59","KEMI TORNIO, FI","  37.1","24","  33.3","24","9999.9"," 0","999.9"," 0","  7.2","24","  7.0","24"," 12.0"," 14.8","  41.0"," ","  30.2","*"," 0.00","I","999.9","000000"
"02864099999","2019-04-24","65.781889","24.5991","18.59","KEMI TORNIO, FI","  39.2","24","  32.2","24","9999.9"," 0","999.9"," 0","  5.9","24","  3.2","24","  8.2","999.9","  51.8","*","  28.2"," "," 0.00","I","999.9","000000"
"02864099999","2019-04-25","65.781889","24.5991","18.59","KEMI TORNIO, FI","  42.4","24","  32.3","24","9999.9"," 0","999.9"," 0","  6.2","24","  3.8","24"," 22.9","999.9","  55.8"," ","  29.8"," "," 0.00","I","999.9","000000"
"02864099999","2019-04-26","65.781889","24.5991","18.59","KEMI TORNIO, FI","  40.5","24","  30.5","24","1021.5"," 4","020.0"," 4","  6.8","24","  4.5","24","  8.5","999.9","  53.6","*","  28.0"," "," 0.00","I","999.9","100000"
"02864099999","2019-04-27","65.781889","24.5991","18.59","KEMI TORNIO, FI","  40.5","24","  29.4","24","9999.9"," 0","999.9"," 0","  6.3","24","  7.5","24"," 14.0"," 20.2","  50.5"," ","  27.7","*"," 0.00","I","999.9","000000"
"02864099999","2019-04-28","65.781889","24.5991","18.59","KEMI TORNIO, FI","  35.5","24","  22.1","24","9999.9"," 0","999.9"," 0","  7.6","24","  6.3","24"," 21.0","999.9","  42.4"," ","  26.1"," "," 0.00","I","999.9","000000"
"02864099999","2019-04-29","65.781889","24.5991","18.59","KEMI TORNIO, FI","  41.6","24","  25.8","24","9999.9"," 0","999.9"," 0","  7.3","24","  4.6","24","  8.5"," 14.2","  54.1"," ","  27.7"," ","99.99"," ","999.9","010000"
"02864099999","2019-04-30","65.781889","24.5991","18.59","KEMI TORNIO, FI","  40.3","24","  26.7","24","9999.9"," 0","999.9"," 0","  6.8","24","  5.0","24"," 11.1","999.9","  51.1"," ","  26.1"," "," 0.00","I","999.9","000000"
"02864099999","2019-05-01","65.781889","24.5991","18.59","KEMI TORNIO, FI","  36.1","24","  29.2","24","9999.9"," 0","999.9"," 0","  7.2","24","  8.8","24"," 15.2"," 20.8","  41.5"," ","  31.5"," ","99.99"," ","999.9","010000"
"02864099999","2019-05-02","65.781889","24.5991","18.59","KEMI TORNIO, FI","  32.9","24","  17.4","24","9999.9"," 0","999.9"," 0","  7.3","24"," 15.0","24"," 20.0"," 29.9","  38.7"," ","  26.6","*","99.99"," ","999.9","111000"
"02864099999","2019-05-03","65.781889","24.5991","18.59","KEMI TORNIO, FI","  29.8","24","  20.1","24","9999.9"," 0","999.9"," 0","  4.6","24"," 16.4","23"," 22.9"," 34.0","  35.6","*","  24.8","*","99.99"," ","999.9","011000"
"02864099999","2019-05-04","65.781889","24.5991","18.59","KEMI TORNIO, FI","  31.7","24","  21.6","24","9999.9"," 0","999.9"," 0","  7.5","24","  6.7","24"," 11.1","999.9","  38.5"," ","  24.8"," ","99.99"," ","999.9","001000"
"02864099999","2019-05-05","65.781889","24.5991","18.59","KEMI TORNIO, FI","  33.3","24","  27.6","24","9999.9"," 0","999.9"," 0","  7.4","24","  7.4","24"," 15.0","999.9","  39.4"," ","  24.8","*","99.99"," ","999.9","011000"
"02864099999","2019-05-06","65.781889","24.5991","18.59","KEMI TORNIO, FI","  40.6","24","  20.8","24","9999.9"," 0","999.9"," 0","  7.4","24","  5.7","24","  9.9"," 20.0","  50.7"," ","  24.4"," "," 0.00","I","999.9","000000"
"02864099999","2019-05-07","65.781889","24.5991","18.59","KEMI TORNIO, FI","  41.6","24","  28.5","24","9999.9"," 0","999.9"," 0","  7.2","24","  8.4","24"," 15.9"," 24.3","  51.8","*","  32.0","*","99.99"," ","999.9","011000"
"02864099999","2019-05-08","65.781889","24.5991","18.59","KEMI TORNIO, FI","  35.8","24","  33.3","24","9999.9"," 0","999.9"," 0","  6.0","24"," 14.1","24"," 22.1"," 34.0","  40.3","*","  32.0","*","99.99"," ","999.9","011000"
"02864099999","2019-05-09","65.781889","24.5991","18.59","KEMI TORNIO, FI","  42.5","24","  32.6","24","9999.9"," 0","999.9"," 0","  7.5","24","  9.6","24"," 15.0"," 21.4","  50.0","*","  36.0"," "," 0.00","I","999.9","000000"
"02864099999","2019-05-10","65.781889","24.5991","18.59","KEMI TORNIO, FI","  49.6","24","  35.0","24","9999.9"," 0","999.9"," 0","  9.0","24","  9.2","24"," 15.9"," 25.1","  62.6","*","  35.1"," ","99.99"," ","999.9","010000"
"02864099999","2019-05-11","65.781889","24.5991","18.59","KEMI TORNIO, FI","  47.3","24","  46.5","24","9999.9"," 0","999.9"," 0","  4.7","24","  5.3","24"," 12.0"," 15.9","  50.4"," ","  43.3"," ","99.99"," ","999.9","010000"
"02864099999","2019-05-12","65.781889","24.5991","18.59","KEMI TORNIO, FI","  46.3","24","  45.4","24","9999.9"," 0","999.9"," 0","  4.9","24"," 11.1","24"," 19.0"," 28.4","  57.2","*","  36.7","*","99.99"," ","999.9","010000"
"02864099999","2019-05-13","65.781889","24.5991","18.59","KEMI TORNIO, FI","  38.3","24","  37.4","24","9999.9"," 0","999.9"," 0","  5.8","24","  7.5","24"," 12.0"," 20.0","  41.5"," ","  35.6","*","99.99"," ","999.9","010000"
"02864099999","2019-05-14","65.781889","24.5991","18.59","KEMI TORNIO, FI","  40.8","24","  32.5","24","9999.9"," 0","999.9"," 0","  7.8","24","  6.9","24"," 13.0"," 18.1","  46.9"," ","  28.4","*","99.99"," ","999.9","010000"
"02864099999","2019-05-15","65.781889","24.5991","18.59","KEMI TORNIO, FI","  42.2","24","  29.6","24","9999.9"," 0","999.9"," 0","  6.9","24","  6.3","24"," 14.0"," 19.4","  51.8","*","  28.4"," "," 0.00","I","999.9","100000"
"02864099999","2019-05-16","65.781889","24.5991","18.59","KEMI TORNIO, FI","  44.9","24","  32.4","24","9999.9"," 0","999.9"," 0","  8.4","24","  5.1","24"," 12.0"," 16.7","  56.5"," ","  29.7"," "," 0.00","I","999.9","000000"
"02864099999","2019-05-17","65.781889","24.5991","18.59","KEMI TORNIO, FI","  48.8","24","  35.8","24","9999.9"," 0","999.9"," 0","  7.0","24","  6.2","24"," 12.0"," 16.1","  60.8","*","  30.2","*"," 0.00","I","999.9","000000"
"02864099999","2019-05-18","65.781889","24.5991","18.59","KEMI TORNIO, FI","  50.2","24","  38.5","24","9999.9"," 0","999.9"," 0","  7.4","24","  4.9","24"," 11.1"," 15.3","  60.8","*","  34.5"," "," 0.00","I","999.9","000000"
"02864099999","2019-05-19","65.781889","24.5991","18.59","KEMI TORNIO, FI","  59.7","24","  39.2","24","9999.9"," 0","999.9"," 0","  7.1","24","  5.5","24","  9.9"," 14.2","  72.1"," ","  35.6","*"," 0.00","I","999.9","000000"
"02864099999","2019-05-20","65.781889","24.5991","18.59","KEMI TORNIO, FI","  55.2","24","  49.0","24","9999.9"," 0","999.9"," 0","  7.0","24","  4.4","24","  7.4"," 10.9","  64.6"," ","  50.0","*","99.99"," ","999.9","010000"
"02864099999","2019-05-21","65.781889","24.5991","18.59","KEMI TORNIO, FI","  56.0","24","  49.5","24","9999.9"," 0","999.9"," 0","  6.5","24","  6.4","24"," 11.1"," 16.3","  66.2","*","  48.2","*"," 0.00","I","999.9","000000"
"02864099999","2019-05-22","65.781889","24.5991","18.59","KEMI TORNIO, FI","  48.4","24","  37.7","24","9999.9"," 0","999.9"," 0","  6.4","24","  9.1","24"," 15.0"," 20.4","  63.9"," ","  32.0","*","99.99"," ","999.9","010000"
"02864099999","2019-05-23","65.781889","24.5991","18.59","KEMI TORNIO, FI","  43.3","24","  26.5","24","9999.9"," 0","999.9"," 0","  7.1","24","  5.6","24"," 11.3"," 17.1","  52.7","*","  31.6","*"," 0.00","I","999.9","000000"
"02864099999","2019-05-24","65.781889","24.5991","18.59","KEMI TORNIO, FI","  42.8","24","  35.4","24","9999.9"," 0","999.9"," 0","  6.7","24","  7.4","24"," 12.0"," 15.5","  50.0","*","  31.3"," ","99.99"," ","999.9","010000"
"02864099999","2019-05-25","65.781889","24.5991","18.59","KEMI TORNIO, FI","  43.3","24","  41.5","24","9999.9"," 0","999.9"," 0","  6.0","24","  5.8","24","  8.9"," 12.8","  46.4","*","  41.0","*","99.99"," ","999.9","010000"
"02864099999","2019-05-26","65.781889","24.5991","18.59","KEMI TORNIO, FI","  47.0","24","  39.7","24","9999.9"," 0","999.9"," 0","  7.8","24","  5.7","24"," 11.1"," 14.6","  54.0"," ","  37.4","*"," 0.00","I","999.9","000000"
"02864099999","2019-05-27","65.781889","24.5991","18.59","KEMI TORNIO, FI","  46.1","24","  39.0","24","9999.9"," 0","999.9"," 0","  6.0","24","  5.2","24"," 11.1"," 15.7","  54.0","*","  32.0","*"," 0.00","I","999.9","100000"
"02864099999","2019-05-28","65.781889","24.5991","18.59","KEMI TORNIO, FI","  51.2","24","  41.7","24","1004.1"," 4","002.6"," 4","  8.2","24","  5.6","24"," 14.0"," 17.9","  63.0"," ","  31.6"," ","99.99"," ","999.9","010000"
"02864099999","2019-05-29","65.781889","24.5991","18.59","KEMI TORNIO, FI","  50.3","24","  48.4","24","9999.9"," 0","999.9"," 0","  7.5","24","  8.9","24"," 22.0"," 33.0","  55.4","*","  42.3","*","99.99"," ","999.9","010000"
"02864099999","2019-05-30","65.781889","24.5991","18.59","KEMI TORNIO, FI","  45.8","24","  38.0","24","9999.9"," 0","999.9"," 0","  7.6","24"," 19.2","24"," 23.5"," 40.0","  50.0","*","  41.0","*","99.99"," ","999.9","010000"
"02864099999","2019-05-31","65.781889","24.5991","18.59","KEMI TORNIO, FI","  43.8","24","  38.6","24","9999.9"," 0","999.9"," 0","  7.8","24"," 16.2","24"," 32.2"," 49.0","  50.0","*","  37.4","*","99.99"," ","999.9","010000"
"02864099999","2019-06-01","65.781889","24.5991","18.59","KEMI TORNIO, FI","  47.9","24","  36.8","24","9999.9"," 0","999.9"," 0","  7.7","24"," 12.0","24"," 20.0"," 31.1","  55.8"," ","  35.6","*"," 0.00","I","999.9","000000"
"02864099999","2019-06-02","65.781889","24.5991","18.59","KEMI TORNIO, FI","  47.3","24","  35.9","24","9999.9"," 0","999.9"," 0","  6.0","24","  6.8","24"," 15.9"," 26.0","  56.1"," ","  32.0","*","99.99"," ","999.9","110000"
"02864099999","2019-06-03","65.781889","24.5991","18.59","KEMI TORNIO, FI","  47.9","24","  41.2","24","9999.9"," 0","999.9"," 0","  7.6","24","  8.2","24"," 14.0"," 25.1","  55.6"," ","  32.0","*","99.99"," ","999.9","010000"
"02864099999","2019-06-04","65.781889","24.5991","18.59","KEMI TORNIO, FI","  47.6","24","  47.2","24","9999.9"," 0","999.9"," 0","  4.1","24","  6.7","24"," 12.8"," 19.4","  50.5"," ","  44.6","*","99.99"," ","999.9","110000"
"02864099999","2019-06-05","65.781889","24.5991","18.59","KEMI TORNIO, FI","  55.3","24","  49.5","24","9999.9"," 0","999.9"," 0","  5.4","24","  4.0","24","  8.0","999.9","  63.9"," ","  44.6","*"," 0.00","I","999.9","100000"
"02864099999","2019-06-06","65.781889","24.5991","18.59","KEMI TORNIO, FI","  59.5","24","  50.6","24","9999.9"," 0","999.9"," 0","  7.4","24","  5.1","24","  8.9"," 13.2","  66.4"," ","  51.8","*"," 0.00","I","999.9","000000"
"02864099999","2019-06-07","65.781889","24.5991","18.59","KEMI TORNIO, FI","  70.2","24","  55.7","24","1018.3"," 4","016.8"," 4","  7.5","24","  5.7","24","  9.9"," 11.8","  82.4"," ","  51.3"," "," 0.00","I","999.9","000000"
"02864099999","2019-06-08","65.781889","24.5991","18.59","KEMI TORNIO, FI","  65.2","24","  59.0","24","9999.9"," 0","999.9"," 0","  8.0","24","  8.1","24"," 14.0"," 20.6","  76.5"," ","  58.1"," ","99.99"," ","999.9","010010"
"02864099999","2019-06-09","65.781889","24.5991","18.59","KEMI TORNIO, FI","  58.3","24","  54.1","24","9999.9"," 0","999.9"," 0","  6.5","24"," 12.1","24"," 22.1"," 34.4","  68.4"," ","  50.0","*","99.99"," ","999.9","010010"
"02864099999","2019-06-10","65.781889","24.5991","18.59","KEMI TORNIO, FI","  51.0","24","  44.8","24","9999.9"," 0","999.9"," 0","  7.9","24"," 12.4","24"," 17.5"," 28.9","  59.0","*","  39.2","*","99.99"," ","999.9","010000"
"02864099999","2019-06-11","65.781889","24.5991","18.59","KEMI TORNIO, FI","  42.5","24","  30.6","24","9999.9"," 0","999.9"," 0","  7.9","24","  9.3","24"," 15.5"," 21.4","  50.7"," ","  30.2","*"," 0.00","I","999.9","000000"
"02864099999","2019-06-12","65.781889","24.5991","18.59","KEMI TORNIO, FI","  46.8","24","  33.6","24","9999.9"," 0","999.9"," 0","  7.5","24","  4.9","24"," 11.5"," 18.5","  55.6"," ","  28.4","*"," 0.00","I","999.9","000000"
"02864099999","2019-06-13","65.781889","24.5991","18.59","KEMI TORNIO, FI","  55.2","24","  38.8","24","9999.9"," 0","999.9"," 0","  7.4","24","  5.2","24","  9.9"," 11.7","  64.4","*","  37.4"," "," 0.00","I","999.9","000000"
"02864099999","2019-06-14","65.781889","24.5991","18.59","KEMI TORNIO, FI","  58.5","24","  42.2","24","9999.9"," 0","999.9"," 0","  7.4","24","  4.9","24"," 10.5"," 14.4","  68.4"," ","  42.4"," "," 0.00","I","999.9","000000"
"02864099999","2019-06-15","65.781889","24.5991","18.59","KEMI TORNIO, FI","  60.6","24","  43.2","24","9999.9"," 0","999.9"," 0","  6.9","24","  7.0","24"," 12.0"," 17.1","  71.6","*","  43.9"," "," 0.00","I","999.9","000000"
"02864099999","2019-06-16","65.781889","24.5991","18.59","KEMI TORNIO, FI","  62.4","24","  49.6","24","9999.9"," 0","999.9"," 0","  8.1","24","  5.9","24"," 11.1"," 13.8","  72.1"," ","  49.6"," "," 0.00","I","999.9","000000"
"02864099999","2019-06-17","65.781889","24.5991","18.59","KEMI TORNIO, FI","  58.0","24","  53.0","24","9999.9"," 0","999.9"," 0","  7.5","24","  5.0","24","  8.9"," 12.6","  65.3"," ","  50.7"," ","99.99"," ","999.9","010000"
"02864099999","2019-06-18","65.781889","24.5991","18.59","KEMI TORNIO, FI","  59.3","24","  53.8","24","9999.9"," 0","999.9"," 0","  6.6","24","  6.7","24"," 13.0"," 18.8","  67.1"," ","  49.5","*","99.99"," ","999.9","110000"
"02864099999","2019-06-19","65.781889","24.5991","18.59","KEMI TORNIO, FI","  57.4","24","  49.6","24","9999.9"," 0","999.9"," 0","  5.3","24","  5.3","24"," 12.0"," 16.9","  66.2","*","  42.8","*","99.99"," ","999.9","110000"
"02864099999","2019-06-20","65.781889","24.5991","18.59","KEMI TORNIO, FI","  59.2","24","  49.5","24","9999.9"," 0","999.9"," 0","  7.6","24","  4.9","24"," 11.1"," 14.8","  65.8"," ","  42.4"," ","99.99"," ","999.9","110000"
"02864099999","2019-06-21","65.781889","24.5991","18.59","KEMI TORNIO, FI","  57.7","24","  56.5","24","9999.9"," 0","999.9"," 0","  6.2","24","  7.3","24"," 11.3"," 17.7","  63.3"," ","  50.0","*","99.99"," ","999.9","110000"
"02864099999","2019-06-22","65.781889","24.5991","18.59","KEMI TORNIO, FI","  55.1","24","  51.0","24","9999.9"," 0","999.9"," 0","  5.9","24"," 10.3","24"," 18.8"," 27.4","  61.7"," ","  48.2","*","99.99"," ","999.9","110000"
"02864099999","2019-06-23","65.781889","24.5991","18.59","KEMI TORNIO, FI","  49.0","24","  45.4","24","9999.9"," 0","999.9"," 0","  6.5","24","  9.8","24"," 14.0"," 23.5","  53.6"," ","  44.6","*","99.99"," ","999.9","010000"
"02864099999","2019-06-24","65.781889","24.5991","18.59","KEMI TORNIO, FI","  53.4","24","  46.1","24","9999.9"," 0","999.9"," 0","  7.3","24","  6.5","24"," 15.0"," 21.0","  59.5"," ","  44.6","*","99.99"," ","999.9","010000"
"02864099999","2019-06-25","65.781889","24.5991","18.59","KEMI TORNIO, FI","  55.6","24","  46.3","24","9999.9"," 0","999.9"," 0","  8.6","24","  7.4","24"," 14.0"," 18.1","  62.8"," ","  46.0"," ","99.99"," ","999.9","010000"
"02864099999","2019-06-26","65.781889","24.5991","18.59","KEMI TORNIO, FI","  54.9","24","  51.3","24","9999.9"," 0","999.9"," 0","  8.4","24","  9.6","24"," 14.2"," 18.8","  59.0","*","  47.1"," "," 0.00","I","999.9","000000"
"02864099999","2019-06-27","65.781889","24.5991","18.59","KEMI TORNIO, FI","  56.6","24","  40.6","24","9999.9"," 0","999.9"," 0","  6.5","24","  8.8","24"," 18.1"," 26.0","  63.3"," ","  48.2","*","99.99"," ","999.9","010000"
"02864099999","2019-06-28","65.781889","24.5991","18.59","KEMI TORNIO, FI","  52.9","24","  40.2","24","9999.9"," 0","999.9"," 0","  7.6","24","  7.8","24"," 14.2"," 22.5","  60.1"," ","  44.6","*"," 0.00","I","999.9","000000"
"02864099999","2019-06-29","65.781889","24.5991","18.59","KEMI TORNIO, FI","  57.0","24","  42.7","24","9999.9"," 0","999.9"," 0","  9.2","24"," 10.7","24"," 16.5"," 26.4","  66.2","*","  44.6","*","99.99"," ","999.9","010000"
"02864099999","2019-06-30","65.781889","24.5991","18.59","KEMI TORNIO, FI","  51.7","24","  36.9","24","9999.9"," 0","999.9"," 0","  7.6","24","  7.1","24"," 14.0"," 19.8","  59.9"," ","  42.8"," ","99.99"," ","999.9","010000"
"02864099999","2019-07-01","65.781889","24.5991","18.59","KEMI TORNIO, FI","  54.0","24","  50.0","24","9999.9"," 0","999.9"," 0","  6.1","24","  8.4","24"," 14.4"," 24.1","  60.1"," ","  45.3"," ","99.99"," ","999.9","010000"
"02864099999","2019-07-02","65.781889","24.5991","18.59","KEMI TORNIO, FI","  55.9","24","  44.9","24","9999.9"," 0","999.9"," 0","  6.9","24","  4.5","24","  8.9"," 14.6","  63.3"," ","  41.0","*"," 0.00","I","999.9","000000"
"02864099999","2019-07-03","65.781889","24.5991","18.59","KEMI TORNIO, FI","  56.8","24","  43.7","24","9999.9"," 0","999.9"," 0","  6.3","24","  7.7","24"," 14.4"," 22.0","  64.8"," ","  39.2","*"," 0.00","I","999.9","000000"
"02864099999","2019-07-04","65.781889","24.5991","18.59","KEMI TORNIO, FI","  53.1","24","  49.6","24","9999.9"," 0","999.9"," 0","  7.8","24","  5.3","24","  7.4"," 12.4","  61.0"," ","  48.2","*","99.99"," ","999.9","110000"
"02864099999","2019-07-05","65.781889","24.5991","18.59","KEMI TORNIO, FI","  55.8","24","  50.8","24","9999.9"," 0","999.9"," 0","  5.7","24","  5.4","24","  9.9"," 13.8","  61.3"," ","  45.9"," ","99.99"," ","999.9","110000"
"02864099999","2019-07-06","65.781889","24.5991","18.59","KEMI TORNIO, FI","  52.5","24","  47.9","24","9999.9"," 0","999.9"," 0","  6.7","24","  6.6","24"," 10.1"," 15.0","  56.7"," ","  48.0"," ","99.99"," ","999.9","010000"
"02864099999","2019-07-07","65.781889","24.5991","18.59","KEMI TORNIO, FI","  56.5","24","  51.8","24","9999.9"," 0","999.9"," 0","  6.9","24","  7.4","24"," 11.1"," 18.5","  62.6","*","  48.7"," ","99.99"," ","999.9","010000"
"02864099999","2019-07-08","65.781889","24.5991","18.59","KEMI TORNIO, FI","  58.1","24","  41.5","24","9999.9"," 0","999.9"," 0","  7.2","24","  9.1","24"," 15.0"," 25.1","  67.3"," ","  42.8","*"," 0.00","I","999.9","000000"
"02864099999","2019-07-09","65.781889","24.5991","18.59","KEMI TORNIO, FI","  58.2","24","  42.4","24","9999.9"," 0","999.9"," 0","  7.4","24","  5.8","24"," 12.0"," 21.2","  70.7","*","  39.2","*"," 0.00","I","999.9","000000"
"02864099999","2019-07-10","65.781889","24.5991","18.59","KEMI TORNIO, FI","  52.1","24","  42.0","24","9999.9"," 0","999.9"," 0","  7.3","24","  8.3","24"," 15.0"," 25.1","  65.1"," ","  39.2","*"," 0.00","I","999.9","000000"
"02864099999","2019-07-11","65.781889","24.5991","18.59","KEMI TORNIO, FI","  52.2","24","  39.4","24","9999.9"," 0","999.9"," 0","  6.2","24","  5.7","24"," 11.1"," 15.2","  63.7"," ","  37.4","*"," 0.00","I","999.9","100000"
"02864099999","2019-07-12","65.781889","24.5991","18.59","KEMI TORNIO, FI","  55.7","24","  35.2","24","9999.9"," 0","999.9"," 0","  7.3","24","  8.6","24"," 15.0"," 24.1","  67.1"," ","  35.6","*"," 0.00","I","999.9","000000"
"02864099999","2019-07-13","65.781889","24.5991","18.59","KEMI TORNIO, FI","  50.2","24","  41.6","24","9999.9"," 0","999.9"," 0","  7.8","24","  6.0","24","  9.9"," 14.8","  63.7"," ","  37.4","*"," 0.00","I","999.9","000000"
"02864099999","2019-07-14","65.781889","24.5991","18.59","KEMI TORNIO, FI","  54.7","24","  45.4","24","9999.9"," 0","999.9"," 0","  6.6","24","  4.9","24","  9.9"," 13.8","  64.8"," ","  39.0"," ","99.99"," ","999.9","010000"
"02864099999","2019-07-15","65.781889","24.5991","18.59","KEMI TORNIO, FI","  55.3","24","  44.7","24","9999.9"," 0","999.9"," 0","  6.8","24","  5.9","24"," 11.1"," 15.2","  60.8","*","  48.2","*","99.99"," ","999.9","010000"
"02864099999","2019-07-16","65.781889","24.5991","18.59","KEMI TORNIO, FI","  54.8","24","  46.8","24","9999.9"," 0","999.9"," 0","  8.8","24","  4.1","24","  9.9"," 13.8","  62.8"," ","  42.8","*","99.99"," ","999.9","110000"
"02864099999","2019-07-17","65.781889","24.5991","18.59","KEMI TORNIO, FI","  56.0","24","  44.7","24","9999.9"," 0","999.9"," 0","  8.1","24","  4.3","24","  8.0"," 11.8","  66.4"," ","  40.6"," ","99.99"," ","999.9","010000"
"02864099999","2019-07-18","65.781889","24.5991","18.59","KEMI TORNIO, FI","  56.6","24","  49.0","24","9999.9"," 0","999.9"," 0","  7.3","24","  4.3","24","  9.9"," 14.0","  68.2"," ","  42.8","*","99.99"," ","999.9","110000"
"02864099999","2019-07-19","65.781889","24.5991","18.59","KEMI TORNIO, FI","  58.1","24","  49.6","24","9999.9"," 0","999.9"," 0","  5.3","24","  4.9","24","  8.9"," 13.8","  69.8","*","  42.3"," ","99.99"," ","999.9","110000"
"02864099999","2019-07-20","65.781889","24.5991","18.59","KEMI TORNIO, FI","  60.0","24","  50.8","24","9999.9"," 0","999.9"," 0","  7.6","24","  5.0","24"," 12.0"," 15.3","  68.7"," ","  42.8","*"," 0.00","I","999.9","100000"
"02864099999","2019-07-21","65.781889","24.5991","18.59","KEMI TORNIO, FI","  61.9","24","  52.1","24","9999.9"," 0","999.9"," 0","  7.0","24","  5.2","24"," 11.1"," 16.5","  71.6","*","  44.1","*"," 0.00","I","999.9","100000"
"02864099999","2019-07-22","65.781889","24.5991","18.59","KEMI TORNIO, FI","  68.8","24","  52.5","24","1015.9"," 5","014.4"," 5"," 11.2","24","  4.6","24"," 10.3"," 14.8","  80.6"," ","  47.8"," "," 0.00","I","999.9","000000"
"02864099999","2019-07-23","65.781889","24.5991","18.59","KEMI TORNIO, FI","  67.5","24","  57.4","24","1015.5"," 6","014.0"," 6"," 10.4","24","  4.7","24","  9.3"," 13.6","  75.6"," ","  51.8","*"," 0.00","I","999.9","100000"
"02864099999","2019-07-24","65.781889","24.5991","18.59","KEMI TORNIO, FI","  65.7","24","  60.4","24","1016.4"," 5","014.9"," 5","  6.8","24","  5.0","24","  9.9"," 12.6","  74.3","*","  49.8"," "," 0.00","I","999.9","100000"
"02864099999","2019-07-25","65.781889","24.5991","18.59","KEMI TORNIO, FI","  68.6","24","  63.9","24","9999.9"," 0","999.9"," 0","  6.3","24","  3.7","24","  7.0","999.9","  75.6"," ","  57.2","*"," 0.00","I","999.9","100000"
"02864099999","2019-07-26","65.781889","24.5991","18.59","KEMI TORNIO, FI","  70.3","24","  62.9","24","9999.9"," 0","999.9"," 0","  7.0","24","  6.5","24"," 13.0"," 16.5","  77.9"," ","  56.3"," "," 0.00","I","999.9","100000"
"02864099999","2019-07-27","65.781889","24.5991","18.59","KEMI TORNIO, FI","  75.3","24","  60.5","24","9999.9"," 0","999.9"," 0","  9.0","24","  5.2","24"," 12.0"," 19.6","  87.8","*","  59.7"," "," 0.00","I","999.9","100000"
"02864099999","2019-07-28","65.781889","24.5991","18.59","KEMI TORNIO, FI","  58.2","24","  43.2","24","9999.9"," 0","999.9"," 0","  7.7","24","  9.1","24"," 15.3"," 22.9","  80.4"," ","  41.0","*"," 0.00","I","999.9","000000"
"02864099999","2019-07-29","65.781889","24.5991","18.59","KEMI TORNIO, FI","  51.3","24","  39.1","24","9999.9"," 0","999.9"," 0","  7.5","24","  9.9","24"," 16.1"," 25.1","  62.1"," ","  41.2"," ","99.99"," ","999.9","010000"
"02864099999","2019-07-30","65.781889","24.5991","18.59","KEMI TORNIO, FI","  50.8","24","  39.0","24","9999.9"," 0","999.9"," 0","  7.5","24"," 14.1","24"," 21.6"," 32.1","  58.1"," ","  44.6","*"," 0.00","I","999.9","000000"
"02864099999","2019-07-31","65.781889","24.5991","18.59","KEMI TORNIO, FI","  49.6","24","  38.7","24","9999.9"," 0","999.9"," 0","  7.6","24","  9.4","24"," 15.9"," 22.7","  59.0"," ","  37.4","*"," 0.00","I","999.9","100000"
"02864099999","2019-08-01","65.781889","24.5991","18.59","KEMI TORNIO, FI","  55.5","24","  44.3","24","9999.9"," 0","999.9"," 0","  6.5","24","  5.6","24"," 12.0"," 16.3","  65.7"," ","  36.9"," "," 0.00","I","999.9","000000"
"02864099999","2019-08-02","65.781889","24.5991","18.59","KEMI TORNIO, FI","  51.1","24","  40.2","24","9999.9"," 0","999.9"," 0","  7.5","24","  7.9","24"," 15.9"," 20.6","  60.4"," ","  35.6","*"," 0.00","I","999.9","000000"
"02864099999","2019-08-03","65.781889","24.5991","18.59","KEMI TORNIO, FI","  47.4","24","  38.6","24","9999.9"," 0","999.9"," 0","  7.5","24","  5.5","24","  9.7"," 14.0","  55.4","*","  32.9","*"," 0.00","I","999.9","100000"
"02864099999","2019-08-04","65.781889","24.5991","18.59","KEMI TORNIO, FI","  50.5","24","  38.0","24","9999.9"," 0","999.9"," 0","  6.6","24","  7.4","24"," 14.0"," 21.2","  65.3"," ","  30.0"," "," 0.00","I","999.9","000000"
"02864099999","2019-08-05","65.781889","24.5991","18.59","KEMI TORNIO, FI","  48.4","24","  38.3","24","9999.9"," 0","999.9"," 0","  7.6","24","  7.7","24"," 13.0"," 19.2","  60.8"," ","  34.9"," "," 0.00","I","999.9","000000"
"02864099999","2019-08-06","65.781889","24.5991","18.59","KEMI TORNIO, FI","  50.3","24","  42.0","24","9999.9"," 0","999.9"," 0","  7.1","24","  4.5","24","  8.9"," 13.0","  60.8","*","  33.1"," "," 0.00","I","999.9","000000"
"02864099999","2019-08-07","65.781889","24.5991","18.59","KEMI TORNIO, FI","  50.7","24","  44.5","24","9999.9"," 0","999.9"," 0","  7.3","24","  3.0","24","  5.1","999.9","  57.9"," ","  40.5"," ","99.99"," ","999.9","010000"
"02864099999","2019-08-08","65.781889","24.5991","18.59","KEMI TORNIO, FI","  51.6","24","  46.6","23","9999.9"," 0","999.9"," 0"," 10.0","24","  5.2","24","  8.9"," 12.6","  59.9"," ","  37.9"," ","99.99"," ","999.9","010000"
"02864099999","2019-08-09","65.781889","24.5991","18.59","KEMI TORNIO, FI","  53.5","24","  45.4","24","9999.9"," 0","999.9"," 0","  7.3","24","  5.3","24","  9.9"," 13.2","  63.1"," ","  35.6","*","99.99"," ","999.9","010000"
"02864099999","2019-08-10","65.781889","24.5991","18.59","KEMI TORNIO, FI","  54.8","24","  44.7","24","9999.9"," 0","999.9"," 0","  7.0","24","  4.8","24","  8.9"," 12.4","  65.3"," ","  33.8"," "," 0.00","I","999.9","100000"
"02864099999","2019-08-11","65.781889","24.5991","18.59","KEMI TORNIO, FI","  59.4","24","  51.7","24","9999.9"," 0","999.9"," 0","  8.2","24","  7.2","24"," 11.1"," 17.7","  68.0","*","  49.6"," ","99.99"," ","999.9","010000"
"02864099999","2019-08-12","65.781889","24.5991","18.59","KEMI TORNIO, FI","  57.1","24","  55.5","24","9999.9"," 0","999.9"," 0","  5.9","24","  5.7","24","  8.0"," 13.2","  61.0"," ","  53.6","*","99.99"," ","999.9","010000"
"02864099999","2019-08-13","65.781889","24.5991","18.59","KEMI TORNIO, FI","  59.3","24","  56.8","24","9999.9"," 0","999.9"," 0","  6.3","24","  4.2","24","  8.0"," 12.4","  64.6"," ","  55.4","*"," 0.00","I","999.9","100000"
"02864099999","2019-08-14","65.781889","24.5991","18.59","KEMI TORNIO, FI","  59.0","24","  55.9","24","1002.0"," 4","000.6"," 4","  7.9","24","  3.9","24","  9.1"," 12.4","  64.4","*","  55.4","*","99.99"," ","999.9","010000"
"02864099999","2019-08-15","65.781889","24.5991","18.59","KEMI TORNIO, FI","  57.6","24","  56.2","24","1000.3"," 4","998.8"," 4","  6.8","24","  3.0","24","  7.0","999.9","  61.7"," ","  48.2","*","99.99"," ","999.9","110000"
"02864099999","2019-08-16","65.781889","24.5991","18.59","KEMI TORNIO, FI","  54.8","24","  52.3","24","9999.9"," 0","999.9"," 0","  4.5","24","  5.2","24"," 12.0"," 16.5","  64.9"," ","  43.7"," "," 0.00","I","999.9","100000"
"02864099999","2019-08-17","65.781889","24.5991","18.59","KEMI TORNIO, FI","  60.1","24","  55.7","24","1010.0"," 4","008.5"," 4","  9.8","24","  8.0","24"," 14.0"," 16.5","  64.6"," ","  51.6"," ","99.99"," ","999.9","010000"
"02864099999","2019-08-18","65.781889","24.5991","18.59","KEMI TORNIO, FI","  60.5","24","  56.9","24","9999.9"," 0","999.9"," 0","  7.3","24","  9.9","24"," 15.0"," 24.1","  66.2","*","  57.2","*","99.99"," ","999.9","010000"
"02864099999","2019-08-19","65.781889","24.5991","18.59","KEMI TORNIO, FI","  58.0","24","  55.5","24","9999.9"," 0","999.9"," 0","  6.9","24"," 11.5","24"," 17.5"," 28.9","  61.0"," ","  55.4","*","99.99"," ","999.9","010000"
"02864099999","2019-08-20","65.781889","24.5991","18.59","KEMI TORNIO, FI","  58.8","24","  55.8","24","9999.9"," 0","999.9"," 0","  7.1","24"," 12.7","24"," 20.0"," 29.9","  61.3"," ","  55.4","*"," 0.00","I","999.9","000000"
"02864099999","2019-08-21","65.781889","24.5991","18.59","KEMI TORNIO, FI","  58.6","24","  56.0","24","9999.9"," 0","999.9"," 0","  7.0","24","  8.3","24"," 15.0"," 17.7","  62.8"," ","  56.5","*"," 0.00","I","999.9","000010"
"02864099999","2019-08-22","65.781889","24.5991","18.59","KEMI TORNIO, FI","  56.5","24","  51.6","24","9999.9"," 0","999.9"," 0","  5.7","24","  5.5","24"," 11.1"," 14.6","  64.4","*","  42.8","*"," 0.00","I","999.9","100000"
"02864099999","2019-08-23","65.781889","24.5991","18.59","KEMI TORNIO, FI","  52.9","24","  51.5","24","1013.1"," 4","011.6"," 4","  7.0","24","  5.0","24","  8.5"," 13.6","  59.0"," ","  41.0","*","99.99"," ","999.9","110000"
"02864099999","2019-08-24","65.781889","24.5991","18.59","KEMI TORNIO, FI","  54.9","24","  50.2","24","9999.9"," 0","999.9"," 0","  7.0","24","  5.4","24"," 12.2"," 17.1","  65.5"," ","  41.0","*","99.99"," ","999.9","110000"
"02864099999","2019-08-25","65.781889","24.5991","18.59","KEMI TORNIO, FI","  55.4","24","  53.6","24","9999.9"," 0","999.9"," 0","  8.1","24","  9.7","24"," 17.1"," 24.5","  59.0","*","  40.5","*","99.99"," ","999.9","010000"
"02864099999","2019-08-26","65.781889","24.5991","18.59","KEMI TORNIO, FI","  59.5","24","  51.0","24","9999.9"," 0","999.9"," 0","  7.5","24","  6.8","24"," 12.0"," 16.9","  68.7"," ","  51.1","*"," 0.00","I","999.9","000000"
"02864099999","2019-08-27","65.781889","24.5991","18.59","KEMI TORNIO, FI","  59.3","24","  54.9","24","9999.9"," 0","999.9"," 0","  7.3","24","  6.1","24"," 12.0"," 17.5","  66.6"," ","  50.0","*"," 0.00","I","999.9","100000"
"02864099999","2019-08-28","65.781889","24.5991","18.59","KEMI TORNIO, FI","  57.2","24","  56.7","24","9999.9"," 0","999.9"," 0","  4.0","24","  5.0","24","  8.9"," 12.4","  61.0"," ","  47.8"," ","99.99"," ","999.9","110000"
"02864099999","2019-08-29","65.781889","24.5991","18.59","KEMI TORNIO, FI","  65.9","24","  57.8","24","9999.9"," 0","999.9"," 0","  6.3","24","  7.0","24"," 12.0"," 20.6","  76.1"," ","  54.9"," "," 0.00","I","999.9","000000"
"02864099999","2019-08-30","65.781889","24.5991","18.59","KEMI TORNIO, FI","  60.5","24","  58.6","24","9999.9"," 0","999.9"," 0","  6.6","24","  9.4","24"," 17.1"," 22.7","  66.6"," ","  58.5"," ","99.99"," ","999.9","010000"
"02864099999","2019-08-31","65.781889","24.5991","18.59","KEMI TORNIO, FI","  59.5","24","  57.4","24","9999.9"," 0","999.9"," 0","  6.9","24"," 11.6","24"," 15.0"," 22.3","  61.0"," ","  57.2","*"," 0.00","I","999.9","000000"
"02864099999","2019-09-01","65.781889","24.5991","18.59","KEMI TORNIO, FI","  60.9","24","  57.6","24","9999.9"," 0","999.9"," 0","  6.0","24","  7.6","24"," 13.0"," 16.9","  66.2","*","  58.1"," ","99.99"," ","999.9","010000"
"02864099999","2019-09-02","65.781889","24.5991","18.59","KEMI TORNIO, FI","  61.4","24","  57.6","24","1007.5"," 4","006.0"," 4","  8.8","24","  8.0","24"," 12.2"," 19.8","  69.8","*","  55.4","*","99.99"," ","999.9","010000"
"02864099999","2019-09-03","65.781889","24.5991","18.59","KEMI TORNIO, FI","  55.7","24","  48.6","24","9999.9"," 0","999.9"," 0","  8.4","24"," 10.1","24"," 14.0"," 19.2","  58.5"," ","  53.1"," ","99.99"," ","999.9","010000"
"02864099999","2019-09-04","65.781889","24.5991","18.59","KEMI TORNIO, FI","  52.0","24","  48.9","24","9999.9"," 0","999.9"," 0","  7.2","24","  5.8","24"," 14.0"," 22.9","  58.1"," ","  35.6","*","99.99"," ","999.9","110000"
"02864099999","2019-09-05","65.781889","24.5991","18.59","KEMI TORNIO, FI","  51.5","24","  50.0","24","9999.9"," 0","999.9"," 0","  8.5","24","  8.9","24"," 15.9"," 29.3","  59.0","*","  35.4"," ","99.99"," ","999.9","110010"
"02864099999","2019-09-06","65.781889","24.5991","18.59","KEMI TORNIO, FI","  55.0","24","  46.6","24","9999.9"," 0","999.9"," 0","  7.2","24"," 14.1","24"," 21.2"," 33.6","  58.3"," ","  50.0","*","99.99"," ","999.9","010000"
"02864099999","2019-09-07","65.781889","24.5991","18.59","KEMI TORNIO, FI","  52.1","24","  45.0","24","1018.5"," 6","017.0"," 6"," 10.0","24","  4.7","24","  9.9"," 10.5","  59.0"," ","  38.5"," ","99.99"," ","999.9","010000"
"02864099999","2019-09-08","65.781889","24.5991","18.59","KEMI TORNIO, FI","  54.0","24","  51.1","24","9999.9"," 0","999.9"," 0","  6.9","24","  7.3","24"," 12.0"," 17.3","  59.0","*","  41.0","*","99.99"," ","999.9","110000"
"02864099999","2019-09-09","65.781889","24.5991","18.59","KEMI TORNIO, FI","  48.8","24","  44.7","24","9999.9"," 0","999.9"," 0","  7.0","24","  3.6","24","  8.0"," 10.7","  59.2"," ","  35.2"," "," 0.00","I","999.9","100000"
"02864099999","2019-09-10","65.781889","24.5991","18.59","KEMI TORNIO, FI","  55.0","24","  53.5","24","9999.9"," 0","999.9"," 0","  7.1","24","  5.1","24","  8.0"," 11.8","  59.0","*","  43.2"," ","99.99"," ","999.9","110000"
"02864099999","2019-09-11","65.781889","24.5991","18.59","KEMI TORNIO, FI","  60.5","24","  56.4","24","9999.9"," 0","999.9"," 0","  6.2","24","  7.4","24"," 14.0"," 24.1","  70.2"," ","  53.1"," ","99.99"," ","999.9","110000"
"02864099999","2019-09-12","65.781889","24.5991","18.59","KEMI TORNIO, FI","  56.8","24","  54.2","24","9999.9"," 0","999.9"," 0","  7.1","24","  9.7","24"," 17.1"," 25.3","  59.0"," ","  53.6","*","99.99"," ","999.9","010000"
"02864099999","2019-09-13","65.781889","24.5991","18.59","KEMI TORNIO, FI","  50.3","24","  45.1","24","9999.9"," 0","999.9"," 0","  7.6","24","  6.1","24"," 14.0"," 18.6","  56.5"," ","  42.8","*","99.99"," ","999.9","010000"
"02864099999","2019-09-14","65.781889","24.5991","18.59","KEMI TORNIO, FI","  43.8","24","  38.1","24","9999.9"," 0","999.9"," 0","  7.7","24","  5.3","24","  8.9"," 13.0","  53.4"," ","  33.8","*"," 0.00","I","999.9","000000"
"02864099999","2019-09-15","65.781889","24.5991","18.59","KEMI TORNIO, FI","  44.7","24","  38.3","24","9999.9"," 0","999.9"," 0","  7.5","24","  8.5","24"," 15.0"," 16.7","  53.6","*","  33.8"," ","99.99"," ","999.9","010010"
"02864099999","2019-09-16","65.781889","24.5991","18.59","KEMI TORNIO, FI","  41.6","24","  37.9","24","9999.9"," 0","999.9"," 0","  7.5","24","  8.7","24"," 14.2"," 19.2","  48.2"," ","  34.5"," ","99.99"," ","999.9","010000"
"02864099999","2019-09-17","65.781889","24.5991","18.59","KEMI TORNIO, FI","  42.1","24","  38.4","24","9999.9"," 0","999.9"," 0","  7.7","24","  6.1","24"," 12.0"," 12.6","  50.2"," ","  28.4","*","99.99"," ","999.9","010000"
"02864099999","2019-09-18","65.781889","24.5991","18.59","KEMI TORNIO, FI","  38.6","24","  32.8","24","1008.2"," 5","006.8"," 5"," 12.5","24","  3.9","24","  6.8"," 11.8","  49.5"," ","  26.2"," ","99.99"," ","999.9","010000"
"02864099999","2019-09-19","65.781889","24.5991","18.59","KEMI TORNIO, FI","  39.7","24","  33.3","24","9999.9"," 0","999.9"," 0","  8.4","24","  5.5","24"," 11.1"," 17.3","  47.8"," ","  28.4","*","99.99"," ","999.9","010000"
"02864099999","2019-09-20","65.781889","24.5991","18.59","KEMI TORNIO, FI","  37.4","24","  30.5","24","9999.9"," 0","999.9"," 0","  9.4","24","  4.5","24","  9.3"," 13.6","  48.2","*","  27.1"," "," 0.00","I","999.9","000000"
"02864099999","2019-09-21","65.781889","24.5991","18.59","KEMI TORNIO, FI","  37.8","24","  31.4","24","1008.4"," 6","006.9"," 6"," 14.9","24","  4.9","24"," 12.4"," 19.8","  49.8"," ","  26.6","*"," 0.00","I","999.9","000000"
"02864099999","2019-09-22","65.781889","24.5991","18.59","KEMI TORNIO, FI","  38.1","24","  30.7","24","9999.9"," 0","999.9"," 0","  7.9","24","  7.6","24"," 13.0"," 18.8","  46.9"," ","  31.1"," "," 0.00","I","999.9","000000"
"02864099999","2019-09-23","65.781889","24.5991","18.59","KEMI TORNIO, FI","  34.5","24","  28.1","24","9999.9"," 0","999.9"," 0","  7.7","24","  5.6","24"," 12.0"," 16.7","  45.3"," ","  24.4","*","99.99"," ","999.9","110000"
"02864099999","2019-09-24","65.781889","24.5991","18.59","KEMI TORNIO, FI","  32.7","24","  26.8","24","9999.9"," 0","999.9"," 0","  7.7","24","  3.6","24","  7.0"," 12.8","  45.5"," ","  20.8"," "," 0.00","I","999.9","000000"
"02864099999","2019-09-25","65.781889","24.5991","18.59","KEMI TORNIO, FI","  40.4","24","  35.4","24","9999.9"," 0","999.9"," 0","  7.5","24","  5.2","24"," 11.1"," 17.3","  48.4"," ","  23.7"," ","99.99"," ","999.9","010000"
"02864099999","2019-09-26","65.781889","24.5991","18.59","KEMI TORNIO, FI","  47.6","24","  43.8","24","9999.9"," 0","999.9"," 0","  7.8","24","  2.4","24","  8.0"," 11.1","  54.3"," ","  40.8"," "," 0.00","I","999.9","000000"
"02864099999","2019-09-27","65.781889","24.5991","18.59","KEMI TORNIO, FI","  48.0","24","  45.1","24","9999.9"," 0","999.9"," 0","  7.7","24","  2.7","24","  7.2"," 10.5","  57.6"," ","  40.8"," "," 0.00","I","999.9","100000"
"02864099999","2019-09-28","65.781889","24.5991","18.59","KEMI TORNIO, FI","  48.9","24","  45.4","24","9999.9"," 0","999.9"," 0","  7.4","24","  9.0","24"," 14.2"," 22.9","  52.5"," ","  43.2"," "," 0.00","I","999.9","100000"
"02864099999","2019-09-29","65.781889","24.5991","18.59","KEMI TORNIO, FI","  48.1","24","  46.5","24","9999.9"," 0","999.9"," 0","  6.8","24","  8.4","24"," 14.0"," 19.4","  50.0"," ","  42.8","*","99.99"," ","999.9","010000"
"02864099999","2019-09-30","65.781889","24.5991","18.59","KEMI TORNIO, FI","  48.2","24","  47.5","24","9999.9"," 0","999.9"," 0","  5.4","24","  6.7","24","  8.9"," 16.9","  50.0","*","  43.2"," ","99.99"," ","999.9","010000"
"02864099999","2019-10-01","65.781889","24.5991","18.59","KEMI TORNIO, FI","  48.2","24","  43.5","24","9999.9"," 0","999.9"," 0","  6.9","24"," 11.6","24"," 18.1"," 32.1","  51.8"," ","  41.0","*","99.99"," ","999.9","010000"
"02864099999","2019-10-02","65.781889","24.5991","18.59","KEMI TORNIO, FI","  37.6","23","  26.9","23","9999.9"," 0","999.9"," 0","  7.4","23"," 12.3","23"," 18.1"," 29.9","  47.7"," ","  30.2","*"," 0.00","I","999.9","000000"
"02864099999","2019-10-03","65.781889","24.5991","18.59","KEMI TORNIO, FI","  33.8","24","  27.3","24","9999.9"," 0","999.9"," 0","  6.8","24","  6.2","24"," 10.1"," 17.5","  41.0"," ","  26.6"," "," 0.00","I","999.9","000000"
"02864099999","2019-10-04","65.781889","24.5991","18.59","KEMI TORNIO, FI","  35.4","24","  27.3","24","9999.9"," 0","999.9"," 0","  7.6","24","  7.6","24"," 13.4"," 19.4","  41.0","*","  30.2","*"," 0.00","I","999.9","000000"
"02864099999","2019-10-05","65.781889","24.5991","18.59","KEMI TORNIO, FI","  35.4","24","  28.4","24","9999.9"," 0","999.9"," 0","  7.8","24","  5.9","24","  9.9"," 13.4","  39.6"," ","  28.4","*","99.99"," ","999.9","010000"
"02864099999","2019-10-06","65.781889","24.5991","18.59","KEMI TORNIO, FI","  38.4","24","  33.2","24","9999.9"," 0","999.9"," 0","  7.8","24","  3.0","24","  7.0","999.9","  43.7"," ","  31.6"," ","99.99"," ","999.9","010000"
"02864099999","2019-10-07","65.781889","24.5991","18.59","KEMI TORNIO, FI","  38.4","24","  35.0","24","9999.9"," 0","999.9"," 0","  7.9","24","  5.2","24","  8.9"," 11.1","  43.2"," ","  33.8","*","99.99"," ","999.9","010000"
"02864099999","2019-10-08","65.781889","24.5991","18.59","KEMI TORNIO, FI","  34.5","24","  30.0","24","9999.9"," 0","999.9"," 0","  6.5","24","  5.7","24","  8.9"," 15.7","  39.9"," ","  29.3"," ","99.99"," ","999.9","011000"
"02864099999","2019-10-09","65.781889","24.5991","18.59","KEMI TORNIO, FI","  35.1","24","  34.1","24","9999.9"," 0","999.9"," 0","  7.2","24","  5.9","24","  8.9"," 13.8","  38.1"," ","  30.6"," ","99.99"," ","999.9","011000"
"02864099999","2019-10-10","65.781889","24.5991","18.59","KEMI TORNIO, FI","  36.0","24","  34.6","24","9999.9"," 0","999.9"," 0","  6.6","24","  3.7","24","  6.0","999.9","  39.9"," ","  32.0","*","99.99"," ","999.9","011000"
"02864099999","2019-10-11","65.781889","24.5991","18.59","KEMI TORNIO, FI","  34.5","24","  33.9","24","9999.9"," 0","999.9"," 0","  5.6","24","  6.7","24","  9.9"," 13.0","  37.4","*","  32.9"," ","99.99"," ","999.9","011000"
"02864099999","2019-10-12","65.781889","24.5991","18.59","KEMI TORNIO, FI","  33.7","24","  31.9","24","9999.9"," 0","999.9"," 0","  6.8","24","  7.7","24"," 11.1"," 14.0","  35.6"," ","  32.0","*","99.99"," ","999.9","011000"
"02864099999","2019-10-13","65.781889","24.5991","18.59","KEMI TORNIO, FI","  32.7","24","  30.3","24","9999.9"," 0","999.9"," 0","  7.0","24","  4.9","24","  8.0"," 12.0","  36.5"," ","  30.2","*","99.99"," ","999.9","011000"
"02864099999","2019-10-14","65.781889","24.5991","18.59","KEMI TORNIO, FI","  32.9","24","  30.9","24","9999.9"," 0","999.9"," 0","  6.6","24","  3.9","24","  6.2","999.9","  34.9"," ","  28.4","*","99.99"," ","999.9","010000"
"02864099999","2019-10-15","65.781889","24.5991","18.59","KEMI TORNIO, FI","  33.2","24","  31.1","24","9999.9"," 0","999.9"," 0","  7.9","24","  4.0","24","  9.9"," 14.4","  41.0","*","  18.9"," ","99.99"," ","999.9","110000"
"02864099999","2019-10-16","65.781889","24.5991","18.59","KEMI TORNIO, FI","  34.4","24","  33.4","24","9999.9"," 0","999.9"," 0","  5.9","24","  4.4","24","  7.0","999.9","  40.5"," ","  30.2","*"," 0.00","I","999.9","100000"
"02864099999","2019-10-17","65.781889","24.5991","18.59","KEMI TORNIO, FI","  32.8","24","  29.9","24","9999.9"," 0","999.9"," 0","  7.3","24","  5.3","24","  8.0"," 13.4","  36.1"," ","  30.4"," ","99.99"," ","999.9","010000"
"02864099999","2019-10-18","65.781889","24.5991","18.59","KEMI TORNIO, FI","  36.1","24","  35.3","24","9999.9"," 0","999.9"," 0","  5.5","24","  6.1","24","  9.9"," 15.3","  41.0","*","  31.5"," ","99.99"," ","999.9","011000"
"02864099999","2019-10-19","65.781889","24.5991","18.59","KEMI TORNIO, FI","  35.2","24","  33.2","24","9999.9"," 0","999.9"," 0","  5.2","24","  9.3","24"," 15.5"," 23.5","  41.0"," ","  28.4","*","99.99"," ","999.9","110000"
"02864099999","2019-10-20","65.781889","24.5991","18.59","KEMI TORNIO, FI","  26.4","24","  22.2","24","9999.9"," 0","999.9"," 0","  7.6","24","  6.4","24"," 14.0"," 19.6","  33.3"," ","  19.2"," ","99.99"," ","999.9","001000"
"02864099999","2019-10-21","65.781889","24.5991","18.59","KEMI TORNIO, FI","  26.1","24","  24.7","24","9999.9"," 0","999.9"," 0","  6.4","24","  3.0","24","  9.9"," 13.4","  37.4","*","  16.0"," ","99.99"," ","999.9","101000"
"02864099999","2019-10-22","65.781889","24.5991","18.59","KEMI TORNIO, FI","  40.1","24","  36.5","24","9999.9"," 0","999.9"," 0","  7.6","24"," 12.3","24"," 20.2"," 34.0","  44.8"," ","  22.6"," ","99.99"," ","999.9","010000"
"02864099999","2019-10-23","65.781889","24.5991","18.59","KEMI TORNIO, FI","  35.3","24","  31.5","24","9999.9"," 0","999.9"," 0","  7.6","24","  4.8","24"," 12.8"," 19.8","  44.6"," ","  24.8","*","99.99"," ","999.9","010000"
"02864099999","2019-10-24","65.781889","24.5991","18.59","KEMI TORNIO, FI","  36.7","24","  36.5","24","9999.9"," 0","999.9"," 0","  4.8","24","  5.5","24"," 11.1"," 16.1","  43.3"," ","  24.6"," ","99.99"," ","999.9","110000"
"02864099999","2019-10-25","65.781889","24.5991","18.59","KEMI TORNIO, FI","  43.7","24","  43.6","24"," 988.3"," 4","986.9"," 4","  3.6","24","  8.0","24"," 15.9"," 26.0","  46.9"," ","  36.9","*","99.99"," ","999.9","110000"
"02864099999","2019-10-26","65.781889","24.5991","18.59","KEMI TORNIO, FI","  35.7","24","  34.1","24","9999.9"," 0","999.9"," 0","  5.4","24"," 10.4","24"," 17.1"," 22.5","  46.9"," ","  30.2","*","99.99"," ","999.9","011000"
"02864099999","2019-10-27","65.781889","24.5991","18.59","KEMI TORNIO, FI","  26.1","24","  23.1","24","9999.9"," 0","999.9"," 0","  7.5","24","  6.5","24","  9.3"," 15.0","  33.4"," ","  21.2","*","99.99"," ","999.9","001000"
"02864099999","2019-10-28","65.781889","24.5991","18.59","KEMI TORNIO, FI","  22.4","24","  20.4","24","9999.9"," 0","999.9"," 0","  6.5","24","  3.7","24","  7.2"," 10.9","  25.3"," ","  19.4","*","99.99"," ","999.9","001000"
"02864099999","2019-10-29","65.781889","24.5991","18.59","KEMI TORNIO, FI","  19.6","24","  16.2","24","9999.9"," 0","999.9"," 0","  7.4","24","  5.8","24","  8.9"," 13.6","  25.7"," ","   8.6","*"," 0.00","I","999.9","000000"
"02864099999","2019-10-30","65.781889","24.5991","18.59","KEMI TORNIO, FI","  19.6","24","  18.0","24","9999.9"," 0","999.9"," 0","  6.7","24","  5.2","24"," 15.9"," 27.0","  33.8","*","   4.1"," ","99.99"," ","999.9","011000"
"02864099999","2019-10-31","65.781889","24.5991","18.59","KEMI TORNIO, FI","  25.6","24","  24.3","24","9999.9"," 0","999.9"," 0","  6.0","24","  7.2","24"," 12.0"," 16.7","  34.0"," ","  19.0","*","99.99"," ","999.9","111000"
"02864099999","2019-11-01","65.781889","24.5991","18.59","KEMI TORNIO, FI","  20.5","24","  19.3","24","9999.9"," 0","999.9"," 0","  6.8","24","  4.9","24"," 10.3"," 13.8","  30.2","*","  15.8","*","99.99"," ","999.9","001000"
"02864099999","2019-11-02","65.781889","24.5991","18.59","KEMI TORNIO, FI","  32.1","24","  31.4","24","9999.9"," 0","999.9"," 0","  4.5","24","  8.5","24"," 11.7"," 22.1","  33.8"," ","  21.7"," ","99.99"," ","999.9","011000"
"02864099999","2019-11-03","65.781889","24.5991","18.59","KEMI TORNIO, FI","  20.3","24","  18.2","24","9999.9"," 0","999.9"," 0","  6.3","24","  5.6","24"," 11.1"," 14.8","  33.8"," ","   9.9"," ","99.99"," ","999.9","111000"
"02864099999","2019-11-04","65.781889","24.5991","18.59","KEMI TORNIO, FI","  13.1","24","  10.3","24","9999.9"," 0","999.9"," 0","  7.8","24","  4.3","24"," 11.1"," 15.9","  32.0","*","  -1.3"," "," 0.00","I","999.9","000000"
"02864099999","2019-11-05","65.781889","24.5991","18.59","KEMI TORNIO, FI","   6.6","24","   4.1","24","9999.9"," 0","999.9"," 0","  6.6","24","  2.7","24","  7.4","999.9","  32.4"," ","  -4.0","*","99.99"," ","999.9","101000"
"02864099999","2019-11-06","65.781889","24.5991","18.59","KEMI TORNIO, FI","   6.8","24","   4.1","24","9999.9"," 0","999.9"," 0","  6.8","24","  3.7","24","  7.0","999.9","  10.9"," ","  -4.2"," ","99.99"," ","999.9","101000"
"02864099999","2019-11-07","65.781889","24.5991","18.59","KEMI TORNIO, FI","  10.0","20","   7.7","20","9999.9"," 0","999.9"," 0","  7.3","20","  3.3","20","  6.0"," 10.1","  14.5","*","   4.3"," ","99.99"," ","999.9","001000"
"02864099999","2019-11-08","65.781889","24.5991","18.59","KEMI TORNIO, FI","   7.1","24","   4.3","24","9999.9"," 0","999.9"," 0","  6.4","24","  3.6","24","  6.0","999.9","  14.5"," ","  -0.9"," ","99.99"," ","999.9","001000"
"02864099999","2019-11-09","65.781889","24.5991","18.59","KEMI TORNIO, FI","  12.0","24","   9.4","24","9999.9"," 0","999.9"," 0","  6.6","24","  9.3","24"," 13.4"," 19.0","  14.0","*","   8.6","*","99.99"," ","999.9","001000"
"02864099999","2019-11-10","65.781889","24.5991","18.59","KEMI TORNIO, FI","  13.3","24","   9.7","24","9999.9"," 0","999.9"," 0","  6.0","24"," 12.4","24"," 15.0"," 21.8","  14.9"," ","  11.5","*","99.99"," ","999.9","001000"
"02864099999","2019-11-11","65.781889","24.5991","18.59","KEMI TORNIO, FI","  19.4","24","  17.0","24","9999.9"," 0","999.9"," 0","  4.9","24","  8.2","24"," 12.0"," 17.7","  24.8","*","  11.3"," ","99.99"," ","999.9","001000"
"02864099999","2019-11-12","65.781889","24.5991","18.59","KEMI TORNIO, FI","  25.1","24","  23.8","24","9999.9"," 0","999.9"," 0","  6.4","24","  4.9","24","  9.1"," 14.8","  28.4","*","  22.5"," ","99.99"," ","999.9","101000"
"02864099999","2019-11-13","65.781889","24.5991","18.59","KEMI TORNIO, FI","  31.6","24","  30.8","24","9999.9"," 0","999.9"," 0","  4.8","24","  8.5","24"," 14.4"," 22.0","  33.8","*","  26.1"," ","99.99"," ","999.9","111000"
"02864099999","2019-11-14","65.781889","24.5991","18.59","KEMI TORNIO, FI","  32.1","24","  31.8","24","9999.9"," 0","999.9"," 0","  3.7","24","  4.2","24","  9.9"," 13.2","  33.8","*","  31.6"," ","99.99"," ","999.9","111000"
"02864099999","2019-11-15","65.781889","24.5991","18.59","KEMI TORNIO, FI","  28.7","24","  27.7","24","9999.9"," 0","999.9"," 0","  7.4","24","  5.5","24"," 11.1"," 14.8","  33.8","*","  19.0"," ","99.99"," ","999.9","101000"
"02864099999","2019-11-16","65.781889","24.5991","18.59","KEMI TORNIO, FI","  32.3","24","  31.1","24","9999.9"," 0","999.9"," 0","  6.9","24","  4.8","24","  8.0"," 13.0","  34.0"," ","  30.2","*","99.99"," ","999.9","011000"
"02864099999","2019-11-17","65.781889","24.5991","18.59","KEMI TORNIO, FI","  29.2","24","  26.6","24","9999.9"," 0","999.9"," 0","  6.2","24","  5.8","24","  9.1"," 12.8","  32.4"," ","  26.6","*","99.99"," ","999.9","011000"
"02864099999","2019-11-18","65.781889","24.5991","18.59","KEMI TORNIO, FI","  26.9","24","  25.8","24","9999.9"," 0","999.9"," 0","  6.0","24","  3.2","24","  6.0","999.9","  32.0","*","  22.6"," ","99.99"," ","999.9","111000"
"02864099999","2019-11-19","65.781889","24.5991","18.59","KEMI TORNIO, FI","  35.8","24","  35.0","24","9999.9"," 0","999.9"," 0","  5.4","24","  8.6","24"," 11.5"," 19.0","  37.8","*","  26.1"," ","99.99"," ","999.9","010000"
"02864099999","2019-11-20","65.781889","24.5991","18.59","KEMI TORNIO, FI","  37.5","24","  37.2","24","9999.9"," 0","999.9"," 0","  4.6","24","  9.1","24"," 14.4"," 23.7","  39.2"," ","  35.1","*","99.99"," ","999.9","110000"
"02864099999","2019-11-21","65.781889","24.5991","18.59","KEMI TORNIO, FI","  35.3","24","  34.9","24","9999.9"," 0","999.9"," 0","  4.5","24","  8.2","24"," 13.2"," 18.3","  38.5"," ","  31.3"," ","99.99"," ","999.9","110000"
"02864099999","2019-11-22","65.781889","24.5991","18.59","KEMI TORNIO, FI","  34.0","24","  33.7","24","9999.9"," 0","999.9"," 0","  5.9","24","  5.9","24","  8.9"," 13.2","  37.6"," ","  33.1","*","99.99"," ","999.9","010000"
"02864099999","2019-11-23","65.781889","24.5991","18.59","KEMI TORNIO, FI","  33.1","24","  32.1","24","9999.9"," 0","999.9"," 0","  5.1","24","  8.2","24"," 11.1"," 15.7","  35.6"," ","  31.3"," ","99.99"," ","999.9","011000"
"02864099999","2019-11-24","65.781889","24.5991","18.59","KEMI TORNIO, FI","  34.4","24","  34.1","24","9999.9"," 0","999.9"," 0","  4.3","24","  9.3","24"," 13.0"," 18.3","  36.1"," ","  31.6"," ","99.99"," ","999.9","011000"
"02864099999","2019-11-25","65.781889","24.5991","18.59","KEMI TORNIO, FI","  34.2","24","  33.4","24","9999.9"," 0","999.9"," 0","  5.7","24","  5.0","24","  8.9"," 13.0","  35.8"," ","  32.0","*","99.99"," ","999.9","010000"
"02864099999","2019-11-26","65.781889","24.5991","18.59","KEMI TORNIO, FI","  28.7","24","  27.9","24","9999.9"," 0","999.9"," 0","  5.0","24","  4.2","24","  8.9"," 12.2","  33.3"," ","  19.4","*","99.99"," ","999.9","111000"
"02864099999","2019-11-27","65.781889","24.5991","18.59","KEMI TORNIO, FI","  12.1","24","   9.9","24","9999.9"," 0","999.9"," 0","  7.8","24","  3.2","24","  6.0","999.9","  27.3"," ","   6.4","*"," 0.00","I","999.9","000000"
"02864099999","2019-11-28","65.781889","24.5991","18.59","KEMI TORNIO, FI","  19.7","24","  17.7","24","9999.9"," 0","999.9"," 0","  5.6","24","  7.1","24"," 11.1"," 15.9","  23.0","*","   5.7"," ","99.99"," ","999.9","001000"
"02864099999","2019-11-29","65.781889","24.5991","18.59","KEMI TORNIO, FI","  12.6","24","  10.2","24","9999.9"," 0","999.9"," 0","  5.9","24","  4.2","24","  6.6"," 10.5","  22.3"," ","  -0.4"," ","99.99"," ","999.9","001000"
"02864099999","2019-11-30","65.781889","24.5991","18.59","KEMI TORNIO, FI","  16.8","24","  12.8","24","9999.9"," 0","999.9"," 0","  7.8","24","  5.0","24","  8.9"," 14.6","  23.7"," ","   0.0"," ","99.99"," ","999.9","001000"
"02864099999","2019-12-01","65.781889","24.5991","18.59","KEMI TORNIO, FI","  23.3","24","  16.8","24","9999.9"," 0","999.9"," 0","  7.5","24","  8.8","24"," 13.0"," 20.6","  30.2","*","   7.5"," "," 0.00","I","999.9","000000"
"02864099999","2019-12-02","65.781889","24.5991","18.59","KEMI TORNIO, FI","  27.7","24","  18.6","24","9999.9"," 0","999.9"," 0","  7.8","24","  8.2","24"," 12.2"," 24.1","  31.1"," ","  21.9"," "," 0.00","I","999.9","000000"
"02864099999","2019-12-03","65.781889","24.5991","18.59","KEMI TORNIO, FI","  25.6","24","  22.0","24","9999.9"," 0","999.9"," 0","  7.1","24","  4.7","24","  8.2"," 13.2","  32.0","*","  15.6"," ","99.99"," ","999.9","011000"
"02864099999","2019-12-04","65.781889","24.5991","18.59","KEMI TORNIO, FI","  34.7","24","  33.8","24","9999.9"," 0","999.9"," 0","  6.0","24","  5.7","24"," 11.1"," 15.2","  37.8"," ","  30.9"," ","99.99"," ","999.9","011000"
"02864099999","2019-12-05","65.781889","24.5991","18.59","KEMI TORNIO, FI","  35.5","24","  33.4","24","9999.9"," 0","999.9"," 0","  6.5","24","  9.7","24"," 14.0"," 23.1","  37.9"," ","  33.3"," ","99.99"," ","999.9","010000"
"02864099999","2019-12-06","65.781889","24.5991","18.59","KEMI TORNIO, FI","  25.8","24","  24.0","24","9999.9"," 0","999.9"," 0","  7.6","24","  4.9","24","  9.9"," 15.2","  35.8"," ","  14.0"," ","99.99"," ","999.9","110000"
"02864099999","2019-12-07","65.781889","24.5991","18.59","KEMI TORNIO, FI","  29.4","24","  29.0","24","9999.9"," 0","999.9"," 0","  5.1","24","  5.7","24"," 11.1"," 16.9","  33.8","*","  18.1"," "," 0.00","I","999.9","100000"
"02864099999","2019-12-08","65.781889","24.5991","18.59","KEMI TORNIO, FI","  21.9","24","  20.3","24","9999.9"," 0","999.9"," 0","  6.4","24","  4.1","24","  7.6"," 11.3","  33.3"," ","  16.9"," ","99.99"," ","999.9","101000"
"02864099999","2019-12-09","65.781889","24.5991","18.59","KEMI TORNIO, FI","  21.2","24","  19.1","24","9999.9"," 0","999.9"," 0","  6.7","24","  9.2","24"," 14.2"," 18.6","  23.7"," ","  17.6","*","99.99"," ","999.9","001000"
"02864099999","2019-12-10","65.781889","24.5991","18.59","KEMI TORNIO, FI","   4.0","24","   0.4","24","9999.9"," 0","999.9"," 0","  7.6","24","  2.9","24","  8.0"," 11.1","  21.6"," ","  -6.2"," ","99.99"," ","999.9","001000"
"02864099999","2019-12-11","65.781889","24.5991","18.59","KEMI TORNIO, FI","  27.9","24","  26.3","24","9999.9"," 0","999.9"," 0","  5.1","24"," 14.4","24"," 22.9"," 38.3","  35.8","*","  12.7","*","99.99"," ","999.9","011000"
"02864099999","2019-12-12","65.781889","24.5991","18.59","KEMI TORNIO, FI","  34.3","24","  33.4","24","9999.9"," 0","999.9"," 0","  5.8","24"," 12.2","24"," 15.9"," 21.8","  36.7"," ","  32.0","*","99.99"," ","999.9","011000"
"02864099999","2019-12-13","65.781889","24.5991","18.59","KEMI TORNIO, FI","  32.8","24","  32.2","24","9999.9"," 0","999.9"," 0","  4.5","24"," 11.1","24"," 13.4"," 21.4","  34.5"," ","  32.0"," ","99.99"," ","999.9","011000"
"02864099999","2019-12-14","65.781889","24.5991","18.59","KEMI TORNIO, FI","  33.8","24","  32.0","24","9999.9"," 0","999.9"," 0","  6.3","24","  6.3","24","  9.9"," 14.6","  34.2"," ","  33.1"," ","99.99"," ","999.9","011000"
"02864099999","2019-12-15","65.781889","24.5991","18.59","KEMI TORNIO, FI","  32.6","24","  32.0","24","9999.9"," 0","999.9"," 0","  5.0","24","  6.9","24","  8.9"," 14.2","  33.8"," ","  32.0","*","99.99"," ","999.9","011000"
"02864099999","2019-12-16","65.781889","24.5991","18.59","KEMI TORNIO, FI","  31.3","24","  31.1","24","9999.9"," 0","999.9"," 0","  4.7","24","  3.3","24","  6.0","999.9","  33.1"," ","  29.8","*","99.99"," ","999.9","011000"
"02864099999","2019-12-17","65.781889","24.5991","18.59","KEMI TORNIO, FI","  30.7","24","  30.3","24","9999.9"," 0","999.9"," 0","  5.4","24","  5.4","24"," 11.1"," 15.0","  32.9"," ","  26.6","*","99.99"," ","999.9","111000"
"02864099999","2019-12-18","65.781889","24.5991","18.59","KEMI TORNIO, FI","  27.7","24","  26.6","24","9999.9"," 0","999.9"," 0","  6.3","24","  6.2","24"," 11.1"," 14.8","  32.0"," ","  19.4","*","99.99"," ","999.9","101000"
"02864099999","2019-12-19","65.781889","24.5991","18.59","KEMI TORNIO, FI","  10.5","24","   8.7","24","9999.9"," 0","999.9"," 0","  7.9","24","  2.4","24","  7.0","  9.9","  26.4"," ","   1.4","*","99.99"," ","999.9","111000"
"02864099999","2019-12-20","65.781889","24.5991","18.59","KEMI TORNIO, FI","  27.7","24","  27.4","24","9999.9"," 0","999.9"," 0","  2.8","24","  5.2","24","  8.0"," 12.0","  30.9"," ","   1.4"," ","99.99"," ","999.9","111000"
"02864099999","2019-12-21","65.781889","24.5991","18.59","KEMI TORNIO, FI","  32.0","24","  32.0","24","9999.9"," 0","999.9"," 0","  2.2","24","  5.0","24","  7.0"," 11.7","  32.9","*","  30.2"," ","99.99"," ","999.9","111000"
"02864099999","2019-12-22","65.781889","24.5991","18.59","KEMI TORNIO, FI","  32.2","24","  31.9","24","9999.9"," 0","999.9"," 0","  3.3","24","  4.8","24","  8.9"," 14.2","  33.8","*","  32.0","*","99.99"," ","999.9","111000"
"02864099999","2019-12-23","65.781889","24.5991","18.59","KEMI TORNIO, FI","  32.7","24","  32.3","24","9999.9"," 0","999.9"," 0","  4.5","24","  6.7","24","  8.9"," 15.7","  33.8"," ","  31.8"," ","99.99"," ","999.9","011000"
"02864099999","2019-12-24","65.781889","24.5991","18.59","KEMI TORNIO, FI","  31.3","24","  31.3","24","9999.9"," 0","999.9"," 0","  2.2","24","  3.1","24","  7.0","999.9","  32.5"," ","  30.2","*","99.99"," ","999.9","110000"
"02864099999","2019-12-25","65.781889","24.5991","18.59","KEMI TORNIO, FI","  30.1","24","  29.8","24","9999.9"," 0","999.9"," 0","  6.2","24","  4.2","24","  8.9"," 11.1","  31.1","*","  28.4","*","99.99"," ","999.9","011000"
"02864099999","2019-12-26","65.781889","24.5991","18.59","KEMI TORNIO, FI","  26.5","24","  24.6","24","9999.9"," 0","999.9"," 0","  5.1","24","  7.5","24"," 15.9"," 18.6","  30.2","*","  18.7"," ","99.99"," ","999.9","011000"
"02864099999","2019-12-27","65.781889","24.5991","18.59","KEMI TORNIO, FI","   8.9","24","   6.2","24","9999.9"," 0","999.9"," 0","  7.4","24","  5.2","24","  8.9"," 11.8","  25.9"," ","  -4.0","*","99.99"," ","999.9","001000"
"02864099999","2019-12-28","65.781889","24.5991","18.59","KEMI TORNIO, FI","  25.0","24","  22.5","24","9999.9"," 0","999.9"," 0","  6.8","24"," 13.6","24"," 21.8"," 32.1","  33.8","*","  -4.9"," ","99.99"," ","999.9","011000"
"02864099999","2019-12-29","65.781889","24.5991","18.59","KEMI TORNIO, FI","  34.0","24","  33.1","24","9999.9"," 0","999.9"," 0","  6.5","24"," 17.2","24"," 26.0"," 40.0","  35.8","*","  31.8"," ","99.99"," ","999.9","011000"
"02864099999","2019-12-30","65.781889","24.5991","18.59","KEMI TORNIO, FI","  33.7","24","  31.3","24","9999.9"," 0","999.9"," 0","  7.8","24"," 11.9","24"," 18.1"," 32.1","  37.4","*","  27.3"," ","99.99"," ","999.9","001000"
"02864099999","2019-12-31","65.781889","24.5991","18.59","KEMI TORNIO, FI","  23.9","24","  19.2","24","9999.9"," 0","999.9"," 0","  7.2","24","  6.0","24"," 12.0"," 16.3","  32.2"," ","  17.6","*"," 0.00","I","999.9","000000"
