"STATION","DATE","LATITUDE","LONGITUDE","ELEVATION","NAME","TEMP","TEMP_ATTRIBUTES","DEWP","DEWP_ATTRIBUTES","SLP","SLP_ATTRIBUTES","STP","STP_ATTRIBUTES","VISIB","VISIB_ATTRIBUTES","WDSP","WDSP_ATTRIBUTES","MXSPD","GUST","MAX","MAX_ATTRIBUTES","MIN","MIN_ATTRIBUTES","PRCP","PRCP_ATTRIBUTES","SNDP","FRSHTT"
"71874099999","2019-01-01","66.8333333","-108.0166666","5.0","BATHURST INLET, CA","  -7.0","22"," -13.4","22","1002.8","22","002.1","22","999.9"," 0","  7.8","22"," 20.0"," 26.0","   1.4","*"," -15.7","*"," 3.54","G","999.9","000000"
"71874099999","2019-01-02","66.8333333","-108.0166666","5.0","BATHURST INLET, CA","  -7.7","24"," -13.4","24"," 992.2","24","991.5","24","999.9"," 0"," 11.0","24"," 28.0"," 37.9","   1.8"," "," -16.8"," "," 3.54","G","999.9","000000"
"71874099999","2019-01-03","66.8333333","-108.0166666","5.0","BATHURST INLET, CA","  -3.8","24","  -9.2","24"," 987.5","24","986.8","24","999.9"," 0","  9.0","24"," 20.0","999.9","   1.8"," "," -14.1"," "," 0.02","G","  3.5","000000"
"71874099999","2019-01-04","66.8333333","-108.0166666","5.0","BATHURST INLET, CA","  -8.4","24"," -13.8","24","1006.3","24","005.6","24","999.9"," 0","  3.5","24","  7.0","999.9","  -6.2","*"," -13.9","*"," 0.01","G","  3.1","000000"
"71874099999","2019-01-05","66.8333333","-108.0166666","5.0","BATHURST INLET, CA"," -11.1","24"," -16.7","24","1010.2","24","009.5","24","999.9"," 0","  2.1","24","  8.0","999.9","  -5.3"," "," -18.4"," "," 0.03","G","999.9","000000"
"71874099999","2019-01-06","66.8333333","-108.0166666","5.0","BATHURST INLET, CA"," -11.8","24"," -19.3","24","1011.2","24","010.5","24","999.9"," 0","  6.8","24"," 18.1","999.9","  -0.9","*"," -22.7","*"," 0.00","I","  3.9","000000"
"71874099999","2019-01-07","66.8333333","-108.0166666","5.0","BATHURST INLET, CA"," -18.8","24"," -26.0","24","1016.9","24","016.2","24","999.9"," 0","  5.5","24"," 12.0","999.9","  -9.2","*"," -28.7","*"," 0.00","I","999.9","000000"
"71874099999","2019-01-08","66.8333333","-108.0166666","5.0","BATHURST INLET, CA"," -29.6","24"," -36.6","24","1028.1","24","027.4","24","999.9"," 0","  1.6","24","  5.1","999.9"," -26.0","*"," -33.7","*"," 0.00","I","999.9","000000"
"71874099999","2019-01-09","66.8333333","-108.0166666","5.0","BATHURST INLET, CA"," -30.3","24"," -36.7","24","1033.1","24","032.4","24","999.9"," 0","  1.0","24","  4.1","999.9"," -22.9"," "," -35.5"," "," 0.00","I","999.9","000000"
"71874099999","2019-01-10","66.8333333","-108.0166666","5.0","BATHURST INLET, CA"," -35.4","24"," -41.9","24","1038.1","24","037.4","24","999.9"," 0","  1.7","24","  5.2","999.9"," -31.9","*"," -38.7","*"," 0.01","G","  3.9","000000"
"71874099999","2019-01-11","66.8333333","-108.0166666","5.0","BATHURST INLET, CA"," -33.9","24"," -40.5","24","1032.7","24","032.0","24","999.9"," 0","  2.4","24","  5.1","999.9"," -24.0","*"," -38.7","*"," 0.00","I","  3.9","000000"
"71874099999","2019-01-12","66.8333333","-108.0166666","5.0","BATHURST INLET, CA"," -11.8","24"," -17.1","24","1012.7","24","012.0","24","999.9"," 0","  5.6","24"," 12.0","999.9","  -6.0","*"," -25.2","*"," 0.13","G","999.9","000000"
"71874099999","2019-01-13","66.8333333","-108.0166666","5.0","BATHURST INLET, CA"," -19.2","24"," -25.7","24","1026.7","24","026.0","24","999.9"," 0"," 13.4","24"," 20.0","999.9"," -11.7","*"," -26.0","*"," 0.00","I","  3.1","000000"
"71874099999","2019-01-14","66.8333333","-108.0166666","5.0","BATHURST INLET, CA"," -30.8","24"," -37.7","24","1037.6","24","036.9","24","999.9"," 0","  2.3","24","  7.0","999.9"," -16.1"," "," -36.6"," "," 0.01","G","  3.1","000000"
"71874099999","2019-01-15","66.8333333","-108.0166666","5.0","BATHURST INLET, CA"," -20.3","24"," -26.8","24","1034.0","24","033.3","24","999.9"," 0","  8.2","24"," 18.1"," 22.9","  -7.8","*"," -35.5","*"," 0.00","I","  3.1","000000"
"71874099999","2019-01-16","66.8333333","-108.0166666","5.0","BATHURST INLET, CA"," -12.8","24"," -18.4","24","1027.5","24","026.8","24","999.9"," 0"," 18.1","24"," 27.0"," 30.9","  -6.5","*"," -17.3","*"," 0.01","G","999.9","000000"
"71874099999","2019-01-17","66.8333333","-108.0166666","5.0","BATHURST INLET, CA","  -9.0","24"," -14.3","24","1028.3","24","027.6","24","999.9"," 0"," 18.1","24"," 24.9"," 29.9","  -6.3"," "," -18.0"," "," 3.15","G","  3.1","000000"
"71874099999","2019-01-18","66.8333333","-108.0166666","5.0","BATHURST INLET, CA","  -8.6","24"," -14.6","24","1032.0","24","031.3","24","999.9"," 0"," 12.4","24"," 19.0","999.9","  -4.5","*"," -17.7","*"," 0.01","G","  3.1","000000"
"71874099999","2019-01-19","66.8333333","-108.0166666","5.0","BATHURST INLET, CA"," -18.7","24"," -25.7","24","1030.6","24","029.9","24","999.9"," 0","  3.9","24"," 12.0","999.9","  -4.5"," "," -26.5"," "," 0.00","I","999.9","000000"
"71874099999","2019-01-20","66.8333333","-108.0166666","5.0","BATHURST INLET, CA"," -18.8","24"," -26.2","24","1015.2","24","014.5","24","999.9"," 0","  3.8","24","  9.9","999.9","  -9.9"," "," -26.5"," "," 0.00","I","999.9","000000"
"71874099999","2019-01-21","66.8333333","-108.0166666","5.0","BATHURST INLET, CA"," -25.1","24"," -31.5","24","1013.1","24","012.4","24","999.9"," 0","  3.3","24","  8.0","999.9"," -20.6","*"," -29.9","*"," 0.00","I","999.9","000000"
"71874099999","2019-01-22","66.8333333","-108.0166666","5.0","BATHURST INLET, CA"," -28.9","23"," -35.2","23","1015.1","23","014.4","23","999.9"," 0","  3.5","23"," 12.0","999.9"," -20.6"," "," -33.5"," "," 0.01","G","999.9","000000"
"71874099999","2019-01-23","66.8333333","-108.0166666","5.0","BATHURST INLET, CA"," -27.1","23"," -34.5","23","1023.4","23","022.7","23","999.9"," 0","  7.1","23"," 13.0","999.9"," -21.1"," "," -33.7"," "," 0.00","G","  3.1","000000"
"71874099999","2019-01-24","66.8333333","-108.0166666","5.0","BATHURST INLET, CA"," -30.3","24"," -36.9","24","1024.3","24","023.6","24","999.9"," 0","  2.1","24"," 10.5","999.9"," -23.6","*"," -36.0","*"," 0.01","G","  3.1","000000"
"71874099999","2019-01-25","66.8333333","-108.0166666","5.0","BATHURST INLET, CA"," -33.0","24"," -39.6","24","1019.8","24","019.1","24","999.9"," 0","  3.5","24"," 14.0"," 19.0"," -25.1"," "," -37.8"," "," 0.00","I","  3.1","000000"
"71874099999","2019-01-26","66.8333333","-108.0166666","5.0","BATHURST INLET, CA"," -11.7","24"," -17.9","24","1010.6","24","009.9","24","999.9"," 0","  2.3","24","  6.0","999.9","  -3.1","*"," -26.1","*"," 3.54","G","999.9","000000"
"71874099999","2019-01-27","66.8333333","-108.0166666","5.0","BATHURST INLET, CA"," -20.9","24"," -27.0","24","1017.4","24","016.7","24","999.9"," 0"," 12.3","24"," 18.1"," 22.9","  -5.1","*"," -30.1","*"," 0.00","I","999.9","000000"
"71874099999","2019-01-28","66.8333333","-108.0166666","5.0","BATHURST INLET, CA"," -27.5","23"," -34.3","23","1035.8","23","035.1","23","999.9"," 0"," 14.5","23"," 22.9"," 28.0"," -16.1"," "," -31.4"," "," 0.00","I","999.9","000000"
"71874099999","2019-01-29","66.8333333","-108.0166666","5.0","BATHURST INLET, CA"," -30.8","24"," -37.8","24","1034.6","24","033.9","24","999.9"," 0","  2.0","24","  8.0","999.9"," -22.2"," "," -36.9"," "," 0.01","G","  3.1","000000"
"71874099999","2019-01-30","66.8333333","-108.0166666","5.0","BATHURST INLET, CA"," -36.9","24"," -43.8","24","1024.9","24","024.2","24","999.9"," 0","  2.4","24","  5.1","999.9"," -26.1"," "," -41.3"," "," 0.00","I","  3.1","000000"
"71874099999","2019-01-31","66.8333333","-108.0166666","5.0","BATHURST INLET, CA"," -38.2","24"," -45.1","24","1020.9","23","020.2","23","999.9"," 0","  2.3","23","  6.0","999.9"," -32.8"," "," -41.6"," "," 0.00","I","  3.1","000000"
"71874099999","2019-02-01","66.8333333","-108.0166666","5.0","BATHURST INLET, CA"," -34.5","24"," -41.7","24","1028.9","24","028.2","24","999.9"," 0","  3.5","24","  7.0","999.9"," -30.1"," "," -40.0"," "," 0.00","I","  3.1","000000"
"71874099999","2019-02-02","66.8333333","-108.0166666","5.0","BATHURST INLET, CA"," -28.8","24"," -35.5","24","1031.6","24","030.9","24","999.9"," 0","  2.0","24","  6.0","999.9"," -23.1"," "," -39.5"," "," 0.00","I","999.9","000000"
"71874099999","2019-02-03","66.8333333","-108.0166666","5.0","BATHURST INLET, CA"," -32.5","24"," -39.6","24","1033.1","24","032.4","24","999.9"," 0","  1.5","24","  8.0","999.9"," -23.1"," "," -37.3"," "," 0.00","I","999.9","000000"
"71874099999","2019-02-04","66.8333333","-108.0166666","5.0","BATHURST INLET, CA"," -29.1","24"," -35.5","24","1033.2","24","032.5","24","999.9"," 0","  1.6","24","  8.0","999.9"," -22.2","*"," -37.1","*"," 0.01","G","  3.1","000000"
"71874099999","2019-02-05","66.8333333","-108.0166666","5.0","BATHURST INLET, CA"," -26.1","24"," -32.3","24","1032.7","24","032.0","24","999.9"," 0","  2.0","24","  6.0","999.9"," -20.7"," "," -37.8"," "," 0.00","I","  3.1","000000"
"71874099999","2019-02-06","66.8333333","-108.0166666","5.0","BATHURST INLET, CA"," -26.7","24"," -33.2","24","1035.4","24","034.7","24","999.9"," 0","  1.7","24","  4.1","999.9"," -20.4"," "," -32.3"," "," 0.00","I","999.9","000000"
"71874099999","2019-02-07","66.8333333","-108.0166666","5.0","BATHURST INLET, CA"," -21.8","24"," -28.4","24","1039.7","24","039.0","24","999.9"," 0","  2.1","24","  5.1","999.9"," -16.1"," "," -31.2"," "," 0.00","I","999.9","000000"
"71874099999","2019-02-08","66.8333333","-108.0166666","5.0","BATHURST INLET, CA"," -20.3","24"," -26.8","24","1039.8","24","039.1","24","999.9"," 0","  1.6","24","  7.0","999.9"," -10.8","*"," -29.0","*"," 0.00","I","999.9","000000"
"71874099999","2019-02-09","66.8333333","-108.0166666","5.0","BATHURST INLET, CA","  -8.5","20"," -15.2","20","1024.5","20","023.8","20","999.9"," 0","  8.5","20"," 22.9"," 29.9","  10.6","*"," -23.8","*"," 0.04","G","999.9","000000"
"71874099999","2019-02-10","66.8333333","-108.0166666","5.0","BATHURST INLET, CA","   7.2","24","   2.3","24","1012.5","24","011.8","24","999.9"," 0"," 14.9","24"," 23.9","999.9","  14.9","*","  -0.6","*"," 3.54","G","  3.1","000000"
"71874099999","2019-02-11","66.8333333","-108.0166666","5.0","BATHURST INLET, CA"," -12.7","24"," -18.5","24","1023.1","24","022.4","24","999.9"," 0","  5.7","24"," 13.0","999.9","  -1.5","*"," -19.7","*"," 3.15","G","999.9","000000"
"71874099999","2019-02-12","66.8333333","-108.0166666","5.0","BATHURST INLET, CA"," -13.9","24"," -20.9","24","1020.7","24","020.0","24","999.9"," 0","  5.1","24"," 15.0"," 15.9","   0.0","*"," -26.3","*"," 0.00","I","999.9","000000"
"71874099999","2019-02-13","66.8333333","-108.0166666","5.0","BATHURST INLET, CA","  -1.3","24"," -11.0","24","1006.5","24","005.8","24","999.9"," 0","  9.0","24"," 16.9","999.9","   2.3","*","  -3.5","*"," 3.15","G","999.9","000000"
"71874099999","2019-02-14","66.8333333","-108.0166666","5.0","BATHURST INLET, CA","   2.8","24","  -2.5","24","1011.1","24","010.4","24","999.9"," 0","  8.4","24"," 19.0"," 23.9","   6.3","*","  -2.0","*"," 0.01","G","  3.9","000000"
"71874099999","2019-02-15","66.8333333","-108.0166666","5.0","BATHURST INLET, CA","  -6.3","24"," -11.7","24","1027.9","24","027.2","24","999.9"," 0"," 15.3","24"," 21.0"," 22.9","   2.7","*"," -16.2","*"," 3.54","G","  3.9","000000"
"71874099999","2019-02-16","66.8333333","-108.0166666","5.0","BATHURST INLET, CA"," -23.3","24"," -29.9","24","1040.4","24","039.7","24","999.9"," 0","  3.8","24","  8.0","999.9"," -19.1","*"," -28.1","*"," 0.02","G","  3.5","000000"
"71874099999","2019-02-17","66.8333333","-108.0166666","5.0","BATHURST INLET, CA"," -29.2","24"," -36.2","24","1043.0","24","042.3","24","999.9"," 0","  2.0","24","  5.2","999.9"," -18.8"," "," -34.1"," "," 0.00","I","  3.5","000000"
"71874099999","2019-02-18","66.8333333","-108.0166666","5.0","BATHURST INLET, CA"," -16.6","24"," -24.8","24","1024.4","24","023.7","24","999.9"," 0","  5.8","24"," 19.0","999.9","  -8.9"," "," -34.1"," "," 0.00","I","999.9","000000"
"71874099999","2019-02-19","66.8333333","-108.0166666","5.0","BATHURST INLET, CA"," -25.9","24"," -32.7","24","1013.2","24","012.5","24","999.9"," 0","  2.1","24","  6.0","999.9","  -8.9"," "," -31.4"," "," 0.00","I","999.9","000000"
"71874099999","2019-02-20","66.8333333","-108.0166666","5.0","BATHURST INLET, CA"," -29.1","24"," -35.2","24","1019.7","24","019.0","24","999.9"," 0","  2.1","24","  6.0","999.9"," -20.6"," "," -35.7"," "," 0.01","G","  4.3","000000"
"71874099999","2019-02-21","66.8333333","-108.0166666","5.0","BATHURST INLET, CA"," -30.8","24"," -37.3","24","1020.3","24","019.6","24","999.9"," 0","  2.5","24","  7.0","999.9"," -22.9","*"," -36.2","*"," 0.00","I","  4.3","000000"
"71874099999","2019-02-22","66.8333333","-108.0166666","5.0","BATHURST INLET, CA"," -14.3","24"," -20.1","24","1013.4","24","012.7","24","999.9"," 0","  4.7","24"," 18.1","999.9","  -3.8","*"," -23.1","*"," 0.00","I","999.9","000000"
"71874099999","2019-02-23","66.8333333","-108.0166666","5.0","BATHURST INLET, CA"," -18.7","24"," -26.3","24","1028.0","24","027.3","24","999.9"," 0"," 11.9","24"," 22.9"," 28.0","  -3.3"," "," -27.2"," "," 0.00","I","999.9","000000"
"71874099999","2019-02-24","66.8333333","-108.0166666","5.0","BATHURST INLET, CA"," -16.1","24"," -23.8","24","1031.1","24","030.4","24","999.9"," 0","  6.3","24"," 14.0","999.9","  -9.2"," "," -27.2"," "," 0.00","I","999.9","000000"
"71874099999","2019-02-25","66.8333333","-108.0166666","5.0","BATHURST INLET, CA"," -13.5","24"," -20.8","24","1020.6","24","019.9","24","999.9"," 0","  2.5","24","  7.0","999.9","  -0.8","*"," -22.5","*"," 0.00","I","999.9","000000"
"71874099999","2019-02-26","66.8333333","-108.0166666","5.0","BATHURST INLET, CA","   2.4","24","  -2.2","24","1011.3","24","010.6","24","999.9"," 0","  5.3","24"," 18.1","999.9","  14.0","*","  -4.9","*"," 0.06","G","  3.9","000000"
"71874099999","2019-02-27","66.8333333","-108.0166666","5.0","BATHURST INLET, CA","   0.2","24","  -4.5","24","1014.9","24","014.2","24","999.9"," 0"," 14.7","24"," 22.9"," 29.9","  12.6","*"," -10.1","*"," 0.03","G","999.9","000000"
"71874099999","2019-02-28","66.8333333","-108.0166666","5.0","BATHURST INLET, CA"," -27.9","24"," -35.4","24","1037.5","24","036.7","24","999.9"," 0","  7.9","24"," 11.1","999.9"," -11.9","*"," -36.4","*"," 0.02","G","  3.9","000000"
"71874099999","2019-03-01","66.8333333","-108.0166666","5.0","BATHURST INLET, CA"," -23.6","24"," -31.4","24","1047.2","24","046.5","24","999.9"," 0","  5.6","24"," 11.1","999.9"," -14.3","*"," -29.6","*"," 0.00","I","  3.9","000000"
"71874099999","2019-03-02","66.8333333","-108.0166666","5.0","BATHURST INLET, CA","  -9.5","24"," -17.5","24","1041.5","24","040.8","24","999.9"," 0","  5.4","24"," 19.0","999.9","   5.2","*"," -23.4","*"," 0.00","I","999.9","000000"
"71874099999","2019-03-03","66.8333333","-108.0166666","5.0","BATHURST INLET, CA","   5.8","24","  -2.7","24","1032.0","24","031.3","24","999.9"," 0","  9.3","24"," 21.0","999.9","  14.5","*","  -1.7","*"," 0.00","I","999.9","000000"
"71874099999","2019-03-04","66.8333333","-108.0166666","5.0","BATHURST INLET, CA","   5.7","24","  -2.1","24","1024.9","24","024.2","24","999.9"," 0"," 12.2","24"," 26.0"," 33.0","  14.4"," ","  -3.6"," "," 0.00","I","999.9","000000"
"71874099999","2019-03-05","66.8333333","-108.0166666","5.0","BATHURST INLET, CA","   4.1","24","  -1.9","24","1030.2","24","029.5","24","999.9"," 0","  8.8","24"," 23.9"," 26.0","   9.3"," ","  -3.1"," "," 3.54","G","999.9","000000"
"71874099999","2019-03-06","66.8333333","-108.0166666","5.0","BATHURST INLET, CA","   4.2","24","  -3.9","24","1016.9","24","016.2","24","999.9"," 0","  6.5","24"," 14.4","999.9","  10.8"," ","  -5.6"," "," 0.00","I","999.9","000000"
"71874099999","2019-03-07","66.8333333","-108.0166666","5.0","BATHURST INLET, CA","   0.0","24","  -4.5","24","1012.9","24","012.2","24","999.9"," 0","  7.6","24"," 24.9","999.9","  10.0"," ","  -5.6"," "," 3.54","G","999.9","000000"
"71874099999","2019-03-08","66.8333333","-108.0166666","5.0","BATHURST INLET, CA","  -2.9","23","  -9.9","23","1010.6","23","009.9","23","999.9"," 0"," 17.1","23"," 22.9","999.9","   4.5"," ","  -8.9"," "," 0.00","I","999.9","000000"
"71874099999","2019-03-09","66.8333333","-108.0166666","5.0","BATHURST INLET, CA","  -9.6","24"," -17.3","24","1018.4","24","017.7","24","999.9"," 0","  4.9","24"," 12.0"," 16.9","   3.6"," "," -20.6"," "," 3.54","G","999.9","000000"
"71874099999","2019-03-10","66.8333333","-108.0166666","5.0","BATHURST INLET, CA","   3.7","24","  -5.2","24","1006.7","24","006.0","24","999.9"," 0"," 11.7","24"," 18.1"," 22.9","  13.1","*","  -3.1","*"," 0.00","I","999.9","000000"
"71874099999","2019-03-11","66.8333333","-108.0166666","5.0","BATHURST INLET, CA","  -2.3","24","  -8.1","24"," 995.7","24","995.0","24","999.9"," 0","  3.1","24","  9.9","999.9","  12.2"," "," -11.9"," "," 3.54","G","999.9","000000"
"71874099999","2019-03-12","66.8333333","-108.0166666","5.0","BATHURST INLET, CA","  -6.8","21"," -12.3","21"," 998.8","21","998.1","21","999.9"," 0","  2.5","21","  6.0","999.9","   3.9"," "," -14.3"," "," 0.00","I","999.9","000000"
"71874099999","2019-03-13","66.8333333","-108.0166666","5.0","BATHURST INLET, CA","  -5.2","11"," -10.7","11","1010.1","11","009.4","11","999.9"," 0","  5.4","11"," 15.9","999.9","   2.5"," "," -15.2"," "," 0.00","G","999.9","000000"
"71874099999","2019-03-14","66.8333333","-108.0166666","5.0","BATHURST INLET, CA","  -3.9","24"," -10.6","24","1025.6","24","024.9","24","999.9"," 0","  4.1","24","  9.3","999.9","   1.0"," ","  -8.5"," "," 0.01","G","  3.5","000000"
"71874099999","2019-03-15","66.8333333","-108.0166666","5.0","BATHURST INLET, CA","  -8.3","24"," -14.4","24","1024.7","24","024.0","24","999.9"," 0","  5.5","24"," 12.0"," 18.1","   1.0"," "," -22.2"," "," 0.01","G","  4.3","000000"
"71874099999","2019-03-16","66.8333333","-108.0166666","5.0","BATHURST INLET, CA","   1.1","19","  -4.8","19","1017.7","19","017.0","19","999.9"," 0"," 12.6","19"," 24.9"," 28.0","  10.6","*","  -5.6","*"," 0.04","G","  3.5","000000"
"71874099999","2019-03-17","66.8333333","-108.0166666","5.0","BATHURST INLET, CA","   3.0","24","  -2.8","24","1018.5","24","017.8","24","999.9"," 0","  3.2","24","  7.0","999.9","  11.8"," ","  -5.3"," "," 0.02","G","  3.1","000000"
"71874099999","2019-03-18","66.8333333","-108.0166666","5.0","BATHURST INLET, CA","  13.9","22","   6.9","22","1011.7","22","011.0","22","999.9"," 0"," 11.6","22"," 20.0"," 23.9","  34.9","*","   1.0","*"," 3.15","G","  5.9","000000"
"71874099999","2019-03-19","66.8333333","-108.0166666","5.0","BATHURST INLET, CA","  13.5","24","   8.6","24","1008.6","24","007.9","24","999.9"," 0"," 11.3","24"," 26.0"," 34.0","  35.6"," ","   2.1"," "," 0.00","I","  5.9","000000"
"71874099999","2019-03-20","66.8333333","-108.0166666","5.0","BATHURST INLET, CA","  25.4","24","  20.7","24","1004.5","24","003.9","24","999.9"," 0"," 12.5","24"," 28.0"," 35.0","  32.9"," ","   8.2"," "," 3.15","G","  5.5","000000"
"71874099999","2019-03-21","66.8333333","-108.0166666","5.0","BATHURST INLET, CA","   8.8","17","   3.1","17","1021.1","17","020.4","17","999.9"," 0"," 16.6","17"," 31.9"," 36.9","  32.9"," ","   0.5"," "," 0.00","G","999.9","000000"
"71874099999","2019-03-22","66.8333333","-108.0166666","5.0","BATHURST INLET, CA","  12.5","20","   6.6","20","1008.3","20","007.7","20","999.9"," 0"," 16.7","20"," 24.5"," 29.9","  27.0"," ","  -2.0"," "," 0.01","G","  3.1","000000"
"71874099999","2019-03-23","66.8333333","-108.0166666","5.0","BATHURST INLET, CA","  -9.4","22"," -17.1","22","1034.3","22","033.6","22","999.9"," 0","  8.4","22"," 19.0"," 24.9","   1.8","*"," -20.0","*"," 0.01","G","  3.5","000000"
"71874099999","2019-03-24","66.8333333","-108.0166666","5.0","BATHURST INLET, CA"," -10.0","24"," -17.5","24","1038.0","24","037.3","24","999.9"," 0","  4.8","24"," 16.9","999.9","   4.1","*"," -18.4","*"," 3.15","G","  3.1","000000"
"71874099999","2019-03-25","66.8333333","-108.0166666","5.0","BATHURST INLET, CA","  11.2","24","   4.9","24","1015.8","24","015.1","24","999.9"," 0"," 13.8","24"," 22.0","999.9","  23.4","*","   1.6","*"," 0.01","G","  3.1","000000"
"71874099999","2019-03-26","66.8333333","-108.0166666","5.0","BATHURST INLET, CA","  12.1","22","   7.2","22","1008.5","22","007.8","22","999.9"," 0"," 13.6","22"," 21.0","999.9","  25.9"," ","   3.9"," "," 3.15","G","  3.5","000000"
"71874099999","2019-03-27","66.8333333","-108.0166666","5.0","BATHURST INLET, CA","  -2.4","24","  -9.1","24","1020.1","24","019.4","24","999.9"," 0","  8.9","24"," 15.9","999.9","   9.5"," "," -15.0"," "," 0.00","I","  3.1","000000"
"71874099999","2019-03-28","66.8333333","-108.0166666","5.0","BATHURST INLET, CA","  -5.3","23"," -12.5","23","1019.9","23","019.2","23","999.9"," 0","  3.2","23"," 11.3","999.9","   5.0","*"," -14.6","*"," 3.15","G","  3.1","000000"
"71874099999","2019-03-29","66.8333333","-108.0166666","5.0","BATHURST INLET, CA","  17.3","23","  12.3","23","1020.6","23","019.9","23","999.9"," 0","  6.5","23"," 20.0","999.9","  29.1","*","   2.3","*"," 0.01","G","  3.5","000000"
"71874099999","2019-03-30","66.8333333","-108.0166666","5.0","BATHURST INLET, CA","  22.6","24","  17.5","24","1020.1","24","019.5","24","999.9"," 0"," 17.5","24"," 24.9"," 30.9","  28.6"," ","   7.9"," "," 3.15","G","  3.1","000000"
"71874099999","2019-03-31","66.8333333","-108.0166666","5.0","BATHURST INLET, CA","  15.5","24","  10.4","24","1016.2","24","015.6","24","999.9"," 0","  7.8","24"," 21.0"," 26.0","  27.3","*","   6.4","*"," 0.02","G","  4.3","000000"
"71874099999","2019-04-01","66.8333333","-108.0166666","5.0","BATHURST INLET, CA","  13.1","22","   9.0","22","1008.1","22","007.4","22","999.9"," 0"," 20.3","22"," 29.9"," 31.9","  27.5","*","   5.0","*"," 0.04","G","  3.1","000000"
"71874099999","2019-04-02","66.8333333","-108.0166666","5.0","BATHURST INLET, CA","   0.7","24","  -4.5","24","1016.7","24","016.0","24","999.9"," 0"," 12.6","24"," 22.9"," 28.0","   6.4","*","  -3.1","*"," 0.04","G","  3.5","000000"
"71874099999","2019-04-03","66.8333333","-108.0166666","5.0","BATHURST INLET, CA"," -11.4","24"," -19.5","24","1019.6","24","018.9","24","999.9"," 0"," 10.4","24"," 15.0"," 18.1","   1.9"," "," -19.3"," "," 0.01","G","  3.1","000000"
"71874099999","2019-04-04","66.8333333","-108.0166666","5.0","BATHURST INLET, CA","  -4.0","24"," -11.7","24","1013.1","24","012.4","24","999.9"," 0"," 12.9","24"," 21.0"," 26.0","   7.5","*"," -13.9","*"," 0.02","G","999.9","000000"
"71874099999","2019-04-05","66.8333333","-108.0166666","5.0","BATHURST INLET, CA","  -1.4","24","  -7.9","24","1013.6","24","012.9","24","999.9"," 0","  6.6","24"," 15.9","999.9","   6.6"," "," -13.7"," "," 3.15","G","  3.1","000000"
"71874099999","2019-04-06","66.8333333","-108.0166666","5.0","BATHURST INLET, CA","  -6.5","24"," -13.3","24","1021.6","24","020.9","24","999.9"," 0","  2.4","24","  7.0","999.9","   4.5","*"," -18.6","*"," 2.76","G","999.9","000000"
"71874099999","2019-04-07","66.8333333","-108.0166666","5.0","BATHURST INLET, CA","  -3.6","24"," -11.5","24","1019.0","24","018.3","24","999.9"," 0"," 10.7","24"," 24.9"," 28.0","   6.3"," "," -18.6"," "," 3.54","G","999.9","000000"
"71874099999","2019-04-08","66.8333333","-108.0166666","5.0","BATHURST INLET, CA","  17.3","24","  12.5","24","1010.9","24","010.2","24","999.9"," 0","  7.5","24"," 19.0"," 28.0","  31.1","*","   6.1","*"," 0.11","G","  6.3","000000"
"71874099999","2019-04-09","66.8333333","-108.0166666","5.0","BATHURST INLET, CA","  22.3","24","  18.7","24","1012.9","24","012.2","24","999.9"," 0","  2.9","24","  6.0","999.9","  32.0","*","  17.4","*"," 0.04","G","  5.9","000000"
"71874099999","2019-04-10","66.8333333","-108.0166666","5.0","BATHURST INLET, CA","  25.9","24","  21.2","24","1016.5","24","015.9","24","999.9"," 0","  6.6","24"," 11.1","999.9","  34.5","*","  18.7","*"," 0.01","G","999.9","000000"
"71874099999","2019-04-11","66.8333333","-108.0166666","5.0","BATHURST INLET, CA","  18.1","23","  15.5","23","1022.8","23","022.1","23","999.9"," 0","  4.7","23","  8.0","999.9","  34.0"," ","  14.9"," "," 0.00","I","  5.9","000000"
"71874099999","2019-04-12","66.8333333","-108.0166666","5.0","BATHURST INLET, CA","  23.0","24","  19.0","24","1017.2","24","016.6","24","999.9"," 0","  4.8","24"," 12.0"," 15.0","  29.8","*","  18.7","*"," 0.00","I","  5.9","000000"
"71874099999","2019-04-13","66.8333333","-108.0166666","5.0","BATHURST INLET, CA","  18.6","24","  14.7","24","1011.3","24","010.6","24","999.9"," 0","  7.2","24"," 14.0","999.9","  30.9"," ","  13.1"," "," 0.10","G","999.9","000000"
"71874099999","2019-04-14","66.8333333","-108.0166666","5.0","BATHURST INLET, CA","   5.8","24","  -0.3","24","1015.9","24","015.2","24","999.9"," 0","  8.8","24"," 14.0","999.9","  22.8"," ","   2.5"," "," 0.07","G","  8.7","000000"
"71874099999","2019-04-15","66.8333333","-108.0166666","5.0","BATHURST INLET, CA"," -10.0","24"," -16.7","24","1022.2","24","021.5","24","999.9"," 0","  3.5","24","  8.9","999.9","   6.8"," "," -18.6"," "," 0.01","G","  8.3","000000"
"71874099999","2019-04-16","66.8333333","-108.0166666","5.0","BATHURST INLET, CA"," -14.1","24"," -20.6","24","1021.5","24","020.8","24","999.9"," 0","  1.3","24","  2.9","999.9","  -1.1"," "," -29.7"," "," 0.01","G","  7.5","000000"
"71874099999","2019-04-17","66.8333333","-108.0166666","5.0","BATHURST INLET, CA","  -5.5","24"," -12.1","24","1016.7","24","016.0","24","999.9"," 0","  3.0","24","  5.1","999.9","   5.0","*"," -10.5","*"," 0.00","I","  7.9","000000"
"71874099999","2019-04-18","66.8333333","-108.0166666","5.0","BATHURST INLET, CA","   2.0","24","  -5.1","24","1016.7","24","016.0","24","999.9"," 0","  1.5","24","  2.3","999.9","  12.4","*","  -4.2","*"," 0.00","I","  7.5","000000"
"71874099999","2019-04-19","66.8333333","-108.0166666","5.0","BATHURST INLET, CA","  -4.6","24"," -10.0","24","1012.8","24","012.1","24","999.9"," 0","  1.4","24","  4.1","999.9","  14.4"," "," -18.4"," "," 0.01","G","999.9","000000"
"71874099999","2019-04-20","66.8333333","-108.0166666","5.0","BATHURST INLET, CA","  -1.5","24","  -7.9","24","1018.3","24","017.6","24","999.9"," 0","  2.5","24","  8.0","999.9","   8.4"," "," -18.4"," "," 0.00","I","  7.1","000000"
"71874099999","2019-04-21","66.8333333","-108.0166666","5.0","BATHURST INLET, CA","  -3.7","24","  -9.7","24","1021.3","24","020.6","24","999.9"," 0","  2.6","24","  7.0","999.9","   9.7"," "," -17.0"," "," 0.00","I","999.9","000000"
"71874099999","2019-04-22","66.8333333","-108.0166666","5.0","BATHURST INLET, CA","  -0.6","24","  -6.9","24","1020.4","24","019.7","24","999.9"," 0","  2.3","24","  6.0","999.9","  12.6","*"," -12.8","*"," 0.00","I","999.9","000000"
"71874099999","2019-04-23","66.8333333","-108.0166666","5.0","BATHURST INLET, CA","   2.4","23","  -2.8","23","1014.0","23","013.3","23","999.9"," 0","  3.5","23","  8.0","999.9","  14.2"," "," -14.1"," "," 0.00","I","999.9","000000"
"71874099999","2019-04-24","66.8333333","-108.0166666","5.0","BATHURST INLET, CA","  -0.3","24","  -6.5","24","1019.6","24","018.9","24","999.9"," 0","  6.9","24"," 12.0","999.9","  11.5"," "," -13.5"," "," 0.00","I","  7.1","000000"
"71874099999","2019-04-25","66.8333333","-108.0166666","5.0","BATHURST INLET, CA","   6.1","24","  -0.3","24","1018.4","24","017.7","24","999.9"," 0","  9.1","24"," 20.0","999.9","  13.8"," "," -13.5"," "," 0.00","I","  7.5","000000"
"71874099999","2019-04-26","66.8333333","-108.0166666","5.0","BATHURST INLET, CA","   6.3","24","  -0.3","24","1018.0","24","017.3","24","999.9"," 0","  9.4","24"," 22.0"," 23.9","  13.3"," ","  -8.5"," "," 0.00","I","999.9","000000"
"71874099999","2019-04-27","66.8333333","-108.0166666","5.0","BATHURST INLET, CA","   8.3","24","   2.0","24","1019.2","24","018.5","24","999.9"," 0"," 12.9","24"," 20.0"," 26.0","  14.0"," ","   0.9"," "," 0.00","I","999.9","000000"
"71874099999","2019-04-28","66.8333333","-108.0166666","5.0","BATHURST INLET, CA","   1.0","24","  -5.6","24","1024.9","24","024.2","24","999.9"," 0","  5.4","24"," 20.0"," 21.0","  13.5"," ","  -6.7"," "," 0.01","G"," 11.4","000000"
"71874099999","2019-04-29","66.8333333","-108.0166666","5.0","BATHURST INLET, CA","  -2.8","24","  -9.1","24","1028.7","24","028.0","24","999.9"," 0","  8.9","24"," 18.1","999.9","  10.0"," "," -10.7"," "," 0.01","G"," 11.4","000000"
"71874099999","2019-04-30","66.8333333","-108.0166666","5.0","BATHURST INLET, CA","   3.1","23","  -3.7","23","1029.1","23","028.4","23","999.9"," 0","  7.6","23"," 15.0","999.9","  10.4","*","  -2.0","*"," 0.05","G"," 11.4","000000"
"71874099999","2019-05-01","66.8333333","-108.0166666","5.0","BATHURST INLET, CA","   0.6","22","  -7.4","22","1025.6","22","024.9","22","999.9"," 0","  5.5","22"," 14.0","999.9","  14.5"," ","  -9.8"," "," 0.03","G","999.9","000000"
"71874099999","2019-05-02","66.8333333","-108.0166666","5.0","BATHURST INLET, CA","   2.9","24","  -2.9","24","1030.3","24","029.7","24","999.9"," 0","  5.2","24"," 11.1","999.9","  21.6","*","  -8.9","*"," 0.02","G","999.9","000000"
"71874099999","2019-05-03","66.8333333","-108.0166666","5.0","BATHURST INLET, CA","  19.4","24","  14.9","24","1031.1","24","030.4","24","999.9"," 0","  6.6","24"," 15.0","999.9","  25.5","*","  14.7","*"," 0.05","G","999.9","000000"
"71874099999","2019-05-04","66.8333333","-108.0166666","5.0","BATHURST INLET, CA","  10.7","23","   5.4","23","1031.2","23","030.5","23","999.9"," 0","  3.4","23","  7.0","999.9","  21.9"," ","   1.4"," "," 0.02","G","999.9","000000"
"71874099999","2019-05-05","66.8333333","-108.0166666","5.0","BATHURST INLET, CA","  14.8","24","  10.5","24","1026.4","24","025.7","24","999.9"," 0","  2.1","24","  4.1","999.9","  23.2","*","   9.9","*"," 0.00","G","999.9","000000"
"71874099999","2019-05-06","66.8333333","-108.0166666","5.0","BATHURST INLET, CA","  16.4","24","   9.3","24","1024.3","24","023.6","24","999.9"," 0","  2.5","24","  7.0","999.9","  26.4","*","   7.7","*"," 0.00","G","999.9","000000"
"71874099999","2019-05-07","66.8333333","-108.0166666","5.0","BATHURST INLET, CA","  15.1","24","   8.9","24","1025.7","24","025.0","24","999.9"," 0","  1.8","24","  5.1","999.9","  32.4","*","   2.3","*"," 0.00","G","999.9","000000"
"71874099999","2019-05-08","66.8333333","-108.0166666","5.0","BATHURST INLET, CA","  25.2","24","  16.5","24","1025.6","24","024.9","24","999.9"," 0","  3.2","24","  9.9","999.9","  37.9","*","  14.2","*"," 0.00","I","999.9","000000"
"71874099999","2019-05-09","66.8333333","-108.0166666","5.0","BATHURST INLET, CA","  31.6","24","  25.2","24","1015.6","24","015.0","24","999.9"," 0","  2.2","24","  5.1","999.9","  40.6"," ","  11.3"," "," 0.00","I","999.9","000000"
"71874099999","2019-05-10","66.8333333","-108.0166666","5.0","BATHURST INLET, CA","  31.1","24","  28.0","24","1012.0","24","011.4","24","999.9"," 0","  6.9","24"," 14.0","999.9","  42.8"," ","  21.9"," "," 0.19","G","999.9","000000"
"71874099999","2019-05-11","66.8333333","-108.0166666","5.0","BATHURST INLET, CA","  27.4","24","  23.4","24","1015.8","24","015.2","24","999.9"," 0","  6.8","24"," 11.1","999.9","  38.1"," ","  23.5"," "," 0.01","G"," 11.4","000000"
"71874099999","2019-05-12","66.8333333","-108.0166666","5.0","BATHURST INLET, CA","  26.4","24","  20.4","24","1017.3","24","016.7","24","999.9"," 0","  8.4","24"," 15.0","999.9","  38.7"," ","  22.1"," "," 0.00","I"," 11.8","000000"
"71874099999","2019-05-13","66.8333333","-108.0166666","5.0","BATHURST INLET, CA","  24.7","22","  21.1","22","1015.0","22","014.4","22","999.9"," 0"," 14.9","22"," 22.9","999.9","  32.0","*","  20.1","*"," 0.00","I","999.9","000000"
"71874099999","2019-05-14","66.8333333","-108.0166666","5.0","BATHURST INLET, CA","  27.2","24","  22.6","24","1019.3","24","018.6","24","999.9"," 0"," 12.3","24"," 15.9"," 20.0","  31.1","*","  25.2","*"," 0.00","I"," 11.4","000000"
"71874099999","2019-05-15","66.8333333","-108.0166666","5.0","BATHURST INLET, CA","  28.5","20","  23.8","20","1027.7","18","027.1","18","999.9"," 0"," 10.4","20"," 14.0","999.9","  33.3","*","  23.9","*"," 0.00","I"," 11.4","000000"
"71874099999","2019-05-16","66.8333333","-108.0166666","5.0","BATHURST INLET, CA","  27.1","23","  22.9","22","1030.3","23","029.7","23","999.9"," 0","  9.2","23"," 12.0","999.9","  31.8","*","  22.5","*"," 0.00","I"," 11.4","000000"
"71874099999","2019-05-17","66.8333333","-108.0166666","5.0","BATHURST INLET, CA","  19.8","24","  14.7","24","1029.4","24","028.7","24","999.9"," 0","  8.3","24"," 22.0"," 23.9","  29.1"," ","   8.6"," "," 0.00","I","999.9","000000"
"71874099999","2019-05-18","66.8333333","-108.0166666","5.0","BATHURST INLET, CA","  29.0","24","  18.8","24","1027.1","24","026.5","24","999.9"," 0"," 13.4","24"," 21.0"," 22.9","  36.5","*","  21.2","*"," 0.00","I","999.9","000000"
"71874099999","2019-05-19","66.8333333","-108.0166666","5.0","BATHURST INLET, CA","  34.0","24","  25.5","24","1024.3","24","023.7","24","999.9"," 0"," 10.0","24"," 21.0"," 22.9","  42.6"," ","  20.1"," "," 0.00","I","999.9","000000"
"71874099999","2019-05-20","66.8333333","-108.0166666","5.0","BATHURST INLET, CA","  33.5","24","  29.5","24","1020.4","24","019.8","24","999.9"," 0","  7.2","24"," 13.0","999.9","  41.0"," ","  25.3"," "," 0.04","G","  9.8","000000"
"71874099999","2019-05-21","66.8333333","-108.0166666","5.0","BATHURST INLET, CA","  19.7","24","  14.6","24","1031.3","24","030.6","24","999.9"," 0","  9.4","24"," 14.0","999.9","  35.2"," ","  12.2"," "," 0.01","G","  9.4","000000"
"71874099999","2019-05-22","66.8333333","-108.0166666","5.0","BATHURST INLET, CA","  20.6","24","  15.8","24","1034.8","24","034.2","24","999.9"," 0","  6.5","24"," 13.0","999.9","  24.8","*","  17.2","*"," 0.00","I","  9.4","000000"
"71874099999","2019-05-23","66.8333333","-108.0166666","5.0","BATHURST INLET, CA","  19.6","24","  14.4","24","1030.3","24","029.6","24","999.9"," 0","  3.7","24","  7.0","999.9","  25.5"," ","  16.9"," "," 0.00","I","999.9","000000"
"71874099999","2019-05-24","66.8333333","-108.0166666","5.0","BATHURST INLET, CA","  20.6","24","  15.4","24","1026.4","24","025.7","24","999.9"," 0","  3.7","24","  8.0","999.9","  25.3","*","  17.8","*"," 0.00","I","999.9","000000"
"71874099999","2019-05-25","66.8333333","-108.0166666","5.0","BATHURST INLET, CA","  25.2","24","  17.3","24","1021.9","24","021.2","24","999.9"," 0","  4.8","24"," 12.0"," 18.1","  37.4","*","  15.6","*"," 0.00","I","999.9","000000"
"71874099999","2019-05-26","66.8333333","-108.0166666","5.0","BATHURST INLET, CA","  35.8","24","  30.1","24","1007.7","24","007.1","24","999.9"," 0","  9.1","24"," 15.0"," 21.0","  40.3","*","  31.5","*"," 0.14","G","999.9","000000"
"71874099999","2019-05-27","66.8333333","-108.0166666","5.0","BATHURST INLET, CA","  32.6","24","  28.7","24","1011.0","24","010.4","24","999.9"," 0","  8.7","24"," 18.1","999.9","  40.6"," ","  28.9"," "," 0.03","G","  8.7","000000"
"71874099999","2019-05-28","66.8333333","-108.0166666","5.0","BATHURST INLET, CA","  31.2","24","  26.7","24","1013.9","24","013.3","24","999.9"," 0","  4.9","24","  8.9","999.9","  36.9"," ","  27.7"," "," 0.00","I","  8.7","000000"
"71874099999","2019-05-29","66.8333333","-108.0166666","5.0","BATHURST INLET, CA","  28.2","24","  22.9","24","1018.9","24","018.3","24","999.9"," 0","  9.8","24"," 15.0","999.9","  36.3"," ","  23.4"," "," 0.00","I","999.9","000000"
"71874099999","2019-05-30","66.8333333","-108.0166666","5.0","BATHURST INLET, CA","  31.1","24","  27.5","24","1022.5","24","021.8","24","999.9"," 0"," 11.2","24"," 17.3","999.9","  32.7"," ","  23.4"," "," 0.00","I","999.9","000000"
"71874099999","2019-05-31","66.8333333","-108.0166666","5.0","BATHURST INLET, CA","  31.6","24","  27.1","24","1024.9","24","024.3","24","999.9"," 0","  9.0","24"," 14.0","999.9","  35.4","*","  28.6","*"," 0.00","I","999.9","000000"
"71874099999","2019-06-01","66.8333333","-108.0166666","5.0","BATHURST INLET, CA","  35.5","23","  29.5","23","1023.6","23","023.0","23","999.9"," 0","  8.6","23"," 12.0","999.9","  40.3","*","  32.2","*"," 0.00","I","999.9","000000"
"71874099999","2019-06-02","66.8333333","-108.0166666","5.0","BATHURST INLET, CA","  35.5","24","  31.3","24","1018.6","24","018.0","24","999.9"," 0"," 10.4","24"," 15.0"," 15.9","  38.7","*","  33.4","*"," 0.00","I","999.9","000000"
"71874099999","2019-06-03","66.8333333","-108.0166666","5.0","BATHURST INLET, CA","  34.0","24","  31.3","23","1016.0","24","015.4","24","999.9"," 0","  7.5","24"," 12.0","999.9","  36.3","*","  31.1","*"," 0.00","I","999.9","000000"
"71874099999","2019-06-04","66.8333333","-108.0166666","5.0","BATHURST INLET, CA","  34.3","24","  32.5","23","1014.7","24","014.1","24","999.9"," 0","  6.0","24"," 12.0","999.9","  36.5"," ","  31.5"," "," 0.16","G","999.9","000000"
"71874099999","2019-06-05","66.8333333","-108.0166666","5.0","BATHURST INLET, CA","  32.9","24","  31.0","23","1020.9","24","020.3","24","999.9"," 0","  9.6","24"," 14.0","999.9","  36.0"," ","  30.4"," "," 0.11","G","999.9","000000"
"71874099999","2019-06-06","66.8333333","-108.0166666","5.0","BATHURST INLET, CA","  32.7","24","  28.3","24","1024.3","24","023.7","24","999.9"," 0","  9.2","24"," 14.0","999.9","  35.1","*","  30.0","*"," 0.02","G","999.9","000000"
"71874099999","2019-06-07","66.8333333","-108.0166666","5.0","BATHURST INLET, CA","  33.0","24","  27.2","24","1023.6","24","023.0","24","999.9"," 0","  4.6","24","  8.9","999.9","  36.7","*","  29.3","*"," 0.00","G","999.9","000000"
"71874099999","2019-06-08","66.8333333","-108.0166666","5.0","BATHURST INLET, CA","  32.0","24","  27.5","23","1021.1","24","020.5","24","999.9"," 0","  6.8","24"," 11.1","999.9","  36.9"," ","  28.6"," "," 0.00","I","999.9","000000"
"71874099999","2019-06-09","66.8333333","-108.0166666","5.0","BATHURST INLET, CA","  31.2","24","  29.1","22","1018.1","24","017.5","24","999.9"," 0"," 12.6","24"," 20.0"," 22.0","  35.4"," ","  28.6"," "," 0.07","G","999.9","000000"
"71874099999","2019-06-10","66.8333333","-108.0166666","5.0","BATHURST INLET, CA","  34.5","24","  30.0","24","1011.8","24","011.2","24","999.9"," 0"," 21.5","24"," 28.0"," 35.9","  38.7","*","  31.1","*"," 0.01","G","999.9","000000"
"71874099999","2019-06-11","66.8333333","-108.0166666","5.0","BATHURST INLET, CA","  36.6","24","  29.0","24","1010.1","24","009.5","24","999.9"," 0"," 14.1","24"," 24.9"," 29.9","  43.0","*","  33.3","*"," 0.00","G","999.9","000000"
"71874099999","2019-06-12","66.8333333","-108.0166666","5.0","BATHURST INLET, CA","  37.4","23","  30.9","23","1010.7","23","010.1","23","999.9"," 0","  4.4","23","  8.9","999.9","  44.4","*","  28.9","*"," 0.00","I","999.9","000000"
"71874099999","2019-06-13","66.8333333","-108.0166666","5.0","BATHURST INLET, CA","  42.6","24","  36.8","23","1006.8","24","006.2","24","999.9"," 0","  5.4","24"," 11.1","999.9","  50.0","*","  34.7","*"," 0.00","I","999.9","000000"
"71874099999","2019-06-14","66.8333333","-108.0166666","5.0","BATHURST INLET, CA","  37.1","23","  33.9","23","1012.9","23","012.3","23","999.9"," 0","  5.1","23","  8.9","999.9","  51.3"," ","  34.0"," "," 0.01","G","999.9","000000"
"71874099999","2019-06-15","66.8333333","-108.0166666","5.0","BATHURST INLET, CA","  41.2","24","  36.0","23","1013.4","24","012.8","24","999.9"," 0","  4.7","24"," 11.1"," 15.0","  58.5","*","  34.5","*"," 0.04","G","999.9","000000"
"71874099999","2019-06-16","66.8333333","-108.0166666","5.0","BATHURST INLET, CA","  38.0","24","  34.5","23","1016.3","24","015.7","24","999.9"," 0","  5.3","24"," 11.1","999.9","  60.4"," ","  32.4"," "," 0.34","G","999.9","000000"
"71874099999","2019-06-17","66.8333333","-108.0166666","5.0","BATHURST INLET, CA","  36.3","23","  32.8","23","1016.1","23","015.5","23","999.9"," 0","  4.3","23","  9.9","999.9","  43.7","*","  31.3","*"," 0.28","G","999.9","000000"
"71874099999","2019-06-18","66.8333333","-108.0166666","5.0","BATHURST INLET, CA","  36.9","24","  35.1","24","1011.1","24","010.5","24","999.9"," 0","  6.4","24"," 11.1","999.9","  39.9","*","  34.2","*"," 0.07","G","999.9","000000"
"71874099999","2019-06-19","66.8333333","-108.0166666","5.0","BATHURST INLET, CA","  36.2","24","  31.9","24","1016.5","24","015.9","24","999.9"," 0","  3.9","24","  8.9","999.9","  41.0"," ","  32.4"," "," 0.02","G","999.9","000000"
"71874099999","2019-06-20","66.8333333","-108.0166666","5.0","BATHURST INLET, CA","  37.8","24","  34.9","24","1019.8","24","019.2","24","999.9"," 0","  4.2","24","  8.9","999.9","  42.3"," ","  32.0"," "," 0.02","G","999.9","000000"
"71874099999","2019-06-21","66.8333333","-108.0166666","5.0","BATHURST INLET, CA","  40.4","23","  32.7","23","1028.8","23","028.2","23","999.9"," 0","  4.7","23"," 11.1","999.9","  47.1","*","  31.1","*"," 0.01","G","999.9","000000"
"71874099999","2019-06-22","66.8333333","-108.0166666","5.0","BATHURST INLET, CA","  51.2","24","  34.2","24","1024.1","24","023.5","24","999.9"," 0","  7.4","24"," 14.0","999.9","  64.8","*","  40.5","*"," 0.00","G","999.9","000000"
"71874099999","2019-06-23","66.8333333","-108.0166666","5.0","BATHURST INLET, CA","  56.2","24","  36.0","24","1014.2","24","013.6","24","999.9"," 0","  5.2","24","  9.9","999.9","  67.1","*","  41.2","*"," 0.00","I","999.9","000000"
"71874099999","2019-06-24","66.8333333","-108.0166666","5.0","BATHURST INLET, CA","  50.2","24","  38.7","24","1011.9","24","011.3","24","999.9"," 0","  4.1","24","  8.9","999.9","  66.6"," ","  39.4"," "," 0.00","I","999.9","000000"
"71874099999","2019-06-25","66.8333333","-108.0166666","5.0","BATHURST INLET, CA","  53.3","23","  39.4","23","1012.3","23","011.7","23","999.9"," 0","  7.2","23"," 18.1"," 21.0","  76.8","*","  38.3","*"," 0.00","G","999.9","000000"
"71874099999","2019-06-26","66.8333333","-108.0166666","5.0","BATHURST INLET, CA","  48.7","23","  38.6","23","1015.6","23","015.0","23","999.9"," 0","  8.2","23"," 13.0"," 16.9","  74.7","*","  37.6","*"," 0.01","A","999.9","000000"
"71874099999","2019-06-27","66.8333333","-108.0166666","5.0","BATHURST INLET, CA","  41.4","23","  34.2","23","1024.0","23","023.4","23","999.9"," 0","  5.9","23"," 11.1","999.9","  57.0","*","  32.9","*"," 0.21","G","999.9","000000"
"71874099999","2019-06-28","66.8333333","-108.0166666","5.0","BATHURST INLET, CA","  57.3","24","  34.4","24","1023.1","24","022.5","24","999.9"," 0","  7.9","24"," 14.0"," 16.9","  69.4","*","  45.9","*"," 0.00","G","999.9","000000"
"71874099999","2019-06-29","66.8333333","-108.0166666","5.0","BATHURST INLET, CA","  59.2","23","  38.9","23","1015.9","23","015.3","23","999.9"," 0","  8.7","23"," 13.0"," 16.9","  70.2"," ","  43.7"," "," 0.00","I","999.9","000000"
"71874099999","2019-06-30","66.8333333","-108.0166666","5.0","BATHURST INLET, CA","  40.9","23","  37.4","23","1007.6","23","007.0","23","999.9"," 0"," 10.1","23"," 16.9"," 18.1","  51.6","*","  34.7","*"," 0.40","G","999.9","000000"
"71874099999","2019-07-01","66.8333333","-108.0166666","5.0","BATHURST INLET, CA","  42.0","24","  40.3","24","1004.9","24","004.3","24","999.9"," 0"," 12.7","24"," 22.9","999.9","  47.1"," ","  33.3"," "," 0.69","G","999.9","000000"
"71874099999","2019-07-02","66.8333333","-108.0166666","5.0","BATHURST INLET, CA","  45.1","24","  41.4","24","1010.0","24","009.4","24","999.9"," 0","  8.4","24"," 15.9","999.9","  48.0"," ","  37.4"," "," 0.33","G","999.9","000000"
"71874099999","2019-07-03","66.8333333","-108.0166666","5.0","BATHURST INLET, CA","  45.0","24","  43.6","24","1013.0","24","012.4","24","999.9"," 0","  5.6","24"," 10.1","999.9","  51.8","*","  41.9","*"," 1.09","G","999.9","000000"
"71874099999","2019-07-04","66.8333333","-108.0166666","5.0","BATHURST INLET, CA","  53.0","24","  44.0","24","1019.7","24","019.1","24","999.9"," 0","  4.0","24","  8.0","999.9","  63.1","*","  44.4","*"," 0.01","G","999.9","000000"
"71874099999","2019-07-05","66.8333333","-108.0166666","5.0","BATHURST INLET, CA","  53.6","24","  47.6","24","1017.9","24","017.3","24","999.9"," 0","  4.7","24"," 15.9"," 21.0","  63.0"," ","  43.7"," "," 0.06","G","999.9","000000"
"71874099999","2019-07-06","66.8333333","-108.0166666","5.0","BATHURST INLET, CA","  49.7","24","  46.3","24","1015.2","24","014.6","24","999.9"," 0","  6.5","24"," 14.0"," 15.9","  58.5","*","  44.2","*"," 0.14","G","999.9","000000"
"71874099999","2019-07-07","66.8333333","-108.0166666","5.0","BATHURST INLET, CA","  41.7","24","  38.2","24","1010.2","24","009.6","24","999.9"," 0","  9.1","24"," 13.0"," 15.0","  48.2","*","  37.8","*"," 0.87","G","999.9","000000"
"71874099999","2019-07-08","66.8333333","-108.0166666","5.0","BATHURST INLET, CA","  42.8","24","  40.8","24","1007.5","24","006.9","24","999.9"," 0","  8.0","24"," 15.0"," 15.9","  45.7","*","  40.1","*"," 0.19","G","999.9","000000"
"71874099999","2019-07-09","66.8333333","-108.0166666","5.0","BATHURST INLET, CA","  43.5","24","  42.2","24","1006.8","24","006.2","24","999.9"," 0"," 15.5","24"," 19.0"," 20.0","  46.6"," ","  40.8"," "," 0.66","G","999.9","000000"
"71874099999","2019-07-10","66.8333333","-108.0166666","5.0","BATHURST INLET, CA","  45.3","24","  42.9","24","1009.1","24","008.5","24","999.9"," 0"," 10.3","24"," 18.1","999.9","  49.6","*","  43.9","*"," 0.07","G","999.9","000000"
"71874099999","2019-07-11","66.8333333","-108.0166666","5.0","BATHURST INLET, CA","  49.2","24","  45.5","24","1001.5","24","000.9","24","999.9"," 0","  3.3","24","  9.1","999.9","  53.2"," ","  43.3"," "," 0.02","G","999.9","000000"
"71874099999","2019-07-12","66.8333333","-108.0166666","5.0","BATHURST INLET, CA","  44.8","23","  40.6","23"," 999.1","23","998.5","23","999.9"," 0"," 12.3","23"," 16.9"," 22.0","  53.6"," ","  40.8"," "," 0.05","G","999.9","000000"
"71874099999","2019-07-13","66.8333333","-108.0166666","5.0","BATHURST INLET, CA","  45.0","24","  39.9","24","1002.9","24","002.3","24","999.9"," 0"," 14.7","24"," 18.1"," 23.9","  49.5","*","  39.0","*"," 0.05","G","999.9","000000"
"71874099999","2019-07-14","66.8333333","-108.0166666","5.0","BATHURST INLET, CA","  47.3","24","  42.0","24","1005.8","24","005.2","24","999.9"," 0","  5.1","24"," 12.0","999.9","  54.0","*","  41.9","*"," 0.02","G","999.9","000000"
"71874099999","2019-07-15","66.8333333","-108.0166666","5.0","BATHURST INLET, CA","  52.0","24","  45.4","24","1004.1","24","003.5","24","999.9"," 0","  3.5","24","  6.0","999.9","  59.2","*","  47.5","*"," 0.00","G","999.9","000000"
"71874099999","2019-07-16","66.8333333","-108.0166666","5.0","BATHURST INLET, CA","  57.6","24","  47.5","24","1000.6","24","000.0","24","999.9"," 0","  8.5","24"," 18.1"," 22.0","  72.0"," ","  45.0"," "," 0.00","I","999.9","000000"
"71874099999","2019-07-17","66.8333333","-108.0166666","5.0","BATHURST INLET, CA","  47.1","24","  41.3","24","1002.5","24","001.9","24","999.9"," 0"," 11.1","24"," 16.9","999.9","  51.3","*","  43.0","*"," 0.02","G","999.9","000000"
"71874099999","2019-07-18","66.8333333","-108.0166666","5.0","BATHURST INLET, CA","  50.2","24","  43.8","24","1007.8","24","007.2","24","999.9"," 0","  6.2","24"," 11.1","999.9","  56.3","*","  46.0","*"," 0.01","G","999.9","000000"
"71874099999","2019-07-19","66.8333333","-108.0166666","5.0","BATHURST INLET, CA","  55.1","24","  44.7","24","1009.0","24","008.4","24","999.9"," 0","  6.8","24"," 18.1"," 23.9","  61.0","*","  48.9","*"," 0.00","G","999.9","000000"
"71874099999","2019-07-20","66.8333333","-108.0166666","5.0","BATHURST INLET, CA","  58.9","24","  49.1","24","1010.2","24","009.6","24","999.9"," 0","  6.2","24"," 15.0"," 20.0","  68.0"," ","  47.7"," "," 0.00","G","999.9","000000"
"71874099999","2019-07-21","66.8333333","-108.0166666","5.0","BATHURST INLET, CA","  61.6","24","  54.6","24","1011.3","24","010.7","24","999.9"," 0","  4.2","24","  9.9"," 22.0","  76.1","*","  52.5","*"," 0.00","I","999.9","000000"
"71874099999","2019-07-22","66.8333333","-108.0166666","5.0","BATHURST INLET, CA","  48.9","24","  42.6","24","1017.0","24","016.4","24","999.9"," 0","  8.2","24"," 15.0","999.9","  59.0","*","  43.7","*"," 0.00","I","999.9","000000"
"71874099999","2019-07-23","66.8333333","-108.0166666","5.0","BATHURST INLET, CA","  51.6","24","  43.2","24","1016.6","24","016.0","24","999.9"," 0","  8.2","24"," 19.0","999.9","  56.1","*","  47.3","*"," 0.00","G","999.9","000000"
"71874099999","2019-07-24","66.8333333","-108.0166666","5.0","BATHURST INLET, CA","  45.6","24","  36.0","24","1016.6","24","016.0","24","999.9"," 0","  9.2","24"," 15.0","999.9","  54.9"," ","  34.2"," "," 0.00","I","999.9","000000"
"71874099999","2019-07-25","66.8333333","-108.0166666","5.0","BATHURST INLET, CA","  44.9","24","  37.5","24","1014.3","24","013.7","24","999.9"," 0","  7.1","24"," 15.0","999.9","  51.1"," ","  34.2"," "," 0.00","I","999.9","000000"
"71874099999","2019-07-26","66.8333333","-108.0166666","5.0","BATHURST INLET, CA","  44.5","24","  36.3","24","1013.8","24","013.2","24","999.9"," 0","  8.4","24"," 14.0","999.9","  50.4"," ","  34.3"," "," 0.00","I","999.9","000000"
"71874099999","2019-07-27","66.8333333","-108.0166666","5.0","BATHURST INLET, CA","  42.1","24","  37.1","24","1012.9","24","012.3","24","999.9"," 0"," 12.1","24"," 19.0"," 27.0","  49.5"," ","  34.3"," "," 0.59","G","999.9","000000"
"71874099999","2019-07-28","66.8333333","-108.0166666","5.0","BATHURST INLET, CA","  47.3","24","  41.9","24","1009.9","24","009.3","24","999.9"," 0"," 11.6","24"," 22.0"," 27.0","  52.7","*","  41.7","*"," 0.24","G","999.9","000000"
"71874099999","2019-07-29","66.8333333","-108.0166666","5.0","BATHURST INLET, CA","  52.3","24","  41.7","24","1004.8","24","004.2","24","999.9"," 0","  5.0","24","  8.9","999.9","  58.8","*","  46.0","*"," 0.00","G","999.9","000000"
"71874099999","2019-07-30","66.8333333","-108.0166666","5.0","BATHURST INLET, CA","  48.1","24","  42.1","24","1005.5","24","004.9","24","999.9"," 0","  4.4","24","  8.9","999.9","  60.6"," ","  39.6"," "," 0.00","G","999.9","000000"
"71874099999","2019-07-31","66.8333333","-108.0166666","5.0","BATHURST INLET, CA","  50.8","24","  40.1","24","1010.1","24","009.5","24","999.9"," 0","  6.6","24"," 14.0"," 22.0","  67.1","*","  39.2","*"," 0.00","G","999.9","000000"
"71874099999","2019-08-01","66.8333333","-108.0166666","5.0","BATHURST INLET, CA","  57.7","24","  44.0","24","1014.3","24","013.7","24","999.9"," 0","  4.8","24"," 11.1","999.9","  72.1","*","  46.0","*"," 0.00","G","999.9","000000"
"71874099999","2019-08-02","66.8333333","-108.0166666","5.0","BATHURST INLET, CA","  67.4","24","  45.4","24","1015.3","24","014.7","24","999.9"," 0","  9.3","24"," 14.0"," 15.9","  76.1","*","  59.4","*"," 0.00","G","999.9","000000"
"71874099999","2019-08-03","66.8333333","-108.0166666","5.0","BATHURST INLET, CA","  58.3","24","  50.3","24","1005.1","24","004.5","24","999.9"," 0","  9.3","24"," 19.0"," 23.9","  77.2"," ","  52.3"," "," 0.63","G","999.9","000000"
"71874099999","2019-08-04","66.8333333","-108.0166666","5.0","BATHURST INLET, CA","  53.7","24","  50.0","24"," 998.4","24","997.8","24","999.9"," 0"," 13.6","24"," 18.1"," 22.9","  64.2"," ","  50.7"," "," 0.25","G","999.9","000000"
"71874099999","2019-08-05","66.8333333","-108.0166666","5.0","BATHURST INLET, CA","  53.6","24","  50.6","24","1001.5","24","000.9","24","999.9"," 0","  6.2","24"," 11.1","999.9","  56.7","*","  51.1","*"," 0.06","G","999.9","000000"
"71874099999","2019-08-06","66.8333333","-108.0166666","5.0","BATHURST INLET, CA","  51.5","24","  47.8","24","1010.7","24","010.1","24","999.9"," 0"," 10.8","24"," 16.9","999.9","  56.8"," ","  49.3"," "," 0.02","G","999.9","000000"
"71874099999","2019-08-07","66.8333333","-108.0166666","5.0","BATHURST INLET, CA","  48.0","24","  45.8","23","1017.9","24","017.3","24","999.9"," 0"," 12.2","24"," 14.0","999.9","  52.7"," ","  44.2"," "," 0.22","G","999.9","000000"
"71874099999","2019-08-08","66.8333333","-108.0166666","5.0","BATHURST INLET, CA","  48.2","22","  46.8","22","1019.7","22","019.1","22","999.9"," 0"," 12.0","22"," 16.9","999.9","  50.5","*","  45.5","*"," 0.26","G","999.9","000000"
"71874099999","2019-08-09","66.8333333","-108.0166666","5.0","BATHURST INLET, CA","  48.1","24","  47.0","22","1018.0","24","017.4","24","999.9"," 0"," 11.7","24"," 15.0","999.9","  50.0"," ","  44.2"," "," 0.52","G","999.9","000000"
"71874099999","2019-08-10","66.8333333","-108.0166666","5.0","BATHURST INLET, CA","  47.5","24","  41.7","24","1018.6","24","018.0","24","999.9"," 0"," 10.2","24"," 15.0","999.9","  51.6","*","  43.5","*"," 0.12","G","999.9","000000"
"71874099999","2019-08-11","66.8333333","-108.0166666","5.0","BATHURST INLET, CA","  47.4","24","  40.7","24","1016.7","24","016.1","24","999.9"," 0","  6.2","24"," 12.4"," 15.9","  59.5","*","  38.3","*"," 0.00","G","999.9","000000"
"71874099999","2019-08-12","66.8333333","-108.0166666","5.0","BATHURST INLET, CA","  53.7","24","  45.3","24","1013.5","24","012.9","24","999.9"," 0","  7.1","24"," 12.0"," 15.0","  63.7","*","  46.2","*"," 0.04","G","999.9","000000"
"71874099999","2019-08-13","66.8333333","-108.0166666","5.0","BATHURST INLET, CA","  50.2","24","  40.4","24","1011.9","24","011.3","24","999.9"," 0","  7.6","24"," 18.1","999.9","  63.9"," ","  38.8"," "," 0.08","G","999.9","000000"
"71874099999","2019-08-14","66.8333333","-108.0166666","5.0","BATHURST INLET, CA","  51.0","23","  43.2","23","1007.7","23","007.1","23","999.9"," 0","  8.8","23"," 12.4"," 16.9","  57.2","*","  46.8","*"," 0.52","B","999.9","000000"
"71874099999","2019-08-15","66.8333333","-108.0166666","5.0","BATHURST INLET, CA","  50.2","24","  46.5","23","1007.3","24","006.7","24","999.9"," 0","  5.9","24"," 11.1","999.9","  56.8","*","  43.7","*"," 0.06","G","999.9","000000"
"71874099999","2019-08-16","66.8333333","-108.0166666","5.0","BATHURST INLET, CA","  49.6","24","  46.6","24","1007.7","24","007.1","24","999.9"," 0"," 12.3","24"," 20.0"," 21.0","  58.6"," ","  45.1"," "," 0.37","G","999.9","000000"
"71874099999","2019-08-17","66.8333333","-108.0166666","5.0","BATHURST INLET, CA","  43.2","24","  36.8","24","1014.1","24","013.5","24","999.9"," 0","  7.3","24"," 15.9","999.9","  52.3"," ","  32.7"," "," 0.01","G","999.9","000000"
"71874099999","2019-08-18","66.8333333","-108.0166666","5.0","BATHURST INLET, CA","  48.6","24","  44.0","24","1018.3","24","017.7","24","999.9"," 0","  6.5","24","  9.9","999.9","  53.2","*","  42.8","*"," 0.03","G","999.9","000000"
"71874099999","2019-08-19","66.8333333","-108.0166666","5.0","BATHURST INLET, CA","  49.8","24","  43.6","24","1020.2","24","019.6","24","999.9"," 0","  7.9","24"," 13.0","999.9","  53.6","*","  44.8","*"," 0.00","G","999.9","000000"
"71874099999","2019-08-20","66.8333333","-108.0166666","5.0","BATHURST INLET, CA","  48.1","24","  44.5","23","1021.4","24","020.8","24","999.9"," 0","  6.1","24"," 14.0","999.9","  52.2","*","  43.7","*"," 0.03","G","999.9","000000"
"71874099999","2019-08-21","66.8333333","-108.0166666","5.0","BATHURST INLET, CA","  54.7","24","  46.9","24","1016.5","24","016.0","24","999.9"," 0"," 10.6","24"," 16.1"," 16.9","  61.2"," ","  45.1"," "," 0.01","G","999.9","000000"
"71874099999","2019-08-22","66.8333333","-108.0166666","5.0","BATHURST INLET, CA","  57.8","24","  49.8","24"," 996.6","24","996.0","24","999.9"," 0"," 14.9","24"," 22.0"," 28.0","  62.8","*","  53.6","*"," 0.00","G","999.9","000000"
"71874099999","2019-08-23","66.8333333","-108.0166666","5.0","BATHURST INLET, CA","  47.9","24","  40.5","24"," 994.6","24","994.0","24","999.9"," 0"," 16.6","24"," 24.9"," 34.0","  63.1"," ","  42.6"," "," 1.02","G","999.9","000000"
"71874099999","2019-08-24","66.8333333","-108.0166666","5.0","BATHURST INLET, CA","  48.9","24","  42.5","24","1003.2","24","002.6","24","999.9"," 0","  5.0","24"," 12.0"," 16.9","  55.9","*","  41.4","*"," 0.04","G","999.9","000000"
"71874099999","2019-08-25","66.8333333","-108.0166666","5.0","BATHURST INLET, CA","  46.0","24","  39.1","24","1007.6","24","007.0","24","999.9"," 0","  6.3","24"," 15.0"," 20.0","  56.1","*","  36.9","*"," 0.03","G","999.9","000000"
"71874099999","2019-08-26","66.8333333","-108.0166666","5.0","BATHURST INLET, CA","  52.8","24","  38.1","24","1014.4","24","013.8","24","999.9"," 0","  7.7","24"," 14.0"," 16.9","  68.4","*","  43.5","*"," 0.00","G","999.9","000000"
"71874099999","2019-08-27","66.8333333","-108.0166666","5.0","BATHURST INLET, CA","  58.3","24","  45.6","24","1011.4","24","010.8","24","999.9"," 0","  9.1","24"," 15.0"," 28.0","  68.2"," ","  41.7"," "," 0.00","G","999.9","000000"
"71874099999","2019-08-28","66.8333333","-108.0166666","5.0","BATHURST INLET, CA","  54.9","23","  44.8","23","1008.5","23","007.9","23","999.9"," 0","  6.9","23","  9.9","999.9","  67.1"," ","  48.6"," "," 0.36","G","999.9","000000"
"71874099999","2019-08-29","66.8333333","-108.0166666","5.0","BATHURST INLET, CA","  41.7","24","  33.8","24","1015.2","24","014.6","24","999.9"," 0"," 16.9","24"," 23.1"," 28.0","  60.3","*","  37.4","*"," 0.07","G","999.9","000000"
"71874099999","2019-08-30","66.8333333","-108.0166666","5.0","BATHURST INLET, CA","  37.7","24","  29.9","24","1017.8","24","017.2","24","999.9"," 0"," 13.9","24"," 19.0"," 26.0","  41.4"," ","  33.1"," "," 0.00","G","999.9","000000"
"71874099999","2019-08-31","66.8333333","-108.0166666","5.0","BATHURST INLET, CA","  38.4","24","  32.3","24","1019.3","24","018.7","24","999.9"," 0"," 15.6","24"," 20.0"," 22.0","  41.2","*","  36.0","*"," 0.00","I","999.9","000000"
"71874099999","2019-09-01","66.8333333","-108.0166666","5.0","BATHURST INLET, CA","  37.2","24","  30.2","24","1020.0","24","019.4","24","999.9"," 0"," 14.0","24"," 19.0"," 23.9","  41.7"," ","  34.3"," "," 0.00","I","999.9","000000"
"71874099999","2019-09-02","66.8333333","-108.0166666","5.0","BATHURST INLET, CA","  35.9","24","  27.7","24","1017.9","24","017.3","24","999.9"," 0","  9.3","24"," 14.0"," 16.9","  41.7","*","  30.9","*"," 0.00","I","999.9","000000"
"71874099999","2019-09-03","66.8333333","-108.0166666","5.0","BATHURST INLET, CA","  37.5","24","  30.7","24","1014.6","24","014.0","24","999.9"," 0","  7.5","24","  9.9","999.9","  43.2","*","  30.7","*"," 0.00","I","999.9","000000"
"71874099999","2019-09-04","66.8333333","-108.0166666","5.0","BATHURST INLET, CA","  37.7","24","  31.3","24","1016.0","24","015.4","24","999.9"," 0","  4.9","24","  8.0","999.9","  48.6","*","  28.0","*"," 0.00","G","999.9","000000"
"71874099999","2019-09-05","66.8333333","-108.0166666","5.0","BATHURST INLET, CA","  41.3","24","  34.1","24","1017.0","24","016.4","24","999.9"," 0","  3.8","24","  8.9","999.9","  52.9","*","  31.1","*"," 0.00","G","999.9","000000"
"71874099999","2019-09-06","66.8333333","-108.0166666","5.0","BATHURST INLET, CA","  43.3","24","  37.7","24","1020.0","24","019.4","24","999.9"," 0","  3.5","24","  9.9","999.9","  54.7"," ","  30.7"," "," 0.00","G","999.9","000000"
"71874099999","2019-09-07","66.8333333","-108.0166666","5.0","BATHURST INLET, CA","  39.6","24","  35.0","24","1023.4","24","022.8","24","999.9"," 0","  5.8","24","  9.9","999.9","  47.8"," ","  31.8"," "," 0.00","G","999.9","000000"
"71874099999","2019-09-08","66.8333333","-108.0166666","5.0","BATHURST INLET, CA","  41.5","24","  34.5","24","1024.9","24","024.3","24","999.9"," 0","  3.5","24","  8.0","999.9","  54.0","*","  31.6","*"," 0.00","G","999.9","000000"
"71874099999","2019-09-09","66.8333333","-108.0166666","5.0","BATHURST INLET, CA","  53.2","24","  38.5","24","1019.8","24","019.2","24","999.9"," 0"," 14.9","24"," 27.0"," 35.9","  64.4","*","  47.3","*"," 0.00","G","999.9","000000"
"71874099999","2019-09-10","66.8333333","-108.0166666","5.0","BATHURST INLET, CA","  49.7","24","  42.0","24","1016.1","24","015.5","24","999.9"," 0","  7.2","24"," 15.0","999.9","  66.0"," ","  41.2"," "," 0.02","G","999.9","000000"
"71874099999","2019-09-11","66.8333333","-108.0166666","5.0","BATHURST INLET, CA","  52.3","24","  39.8","24","1014.4","24","013.8","24","999.9"," 0","  9.3","24"," 19.0"," 28.0","  66.6","*","  41.0","*"," 0.00","G","999.9","000000"
"71874099999","2019-09-12","66.8333333","-108.0166666","5.0","BATHURST INLET, CA","  56.5","24","  42.7","24","1007.7","24","007.1","24","999.9"," 0"," 10.4","24"," 20.0"," 26.0","  67.3"," ","  39.0"," "," 0.00","G","999.9","000000"
"71874099999","2019-09-13","66.8333333","-108.0166666","5.0","BATHURST INLET, CA","  42.5","22","  41.4","21","1006.7","22","006.1","22","999.9"," 0","  3.1","22"," 11.1","999.9","  59.7"," ","  37.8"," "," 0.00","I","999.9","000000"
"71874099999","2019-09-14","66.8333333","-108.0166666","5.0","BATHURST INLET, CA","  48.6","24","  44.5","24","1002.1","24","001.5","24","999.9"," 0","  3.1","24","  9.9","999.9","  59.7","*","  40.1","*"," 0.01","A","999.9","000000"
"71874099999","2019-09-15","66.8333333","-108.0166666","5.0","BATHURST INLET, CA","  43.9","24","  40.8","24","1003.4","24","002.8","24","999.9"," 0"," 11.0","24"," 21.0","999.9","  60.3"," ","  40.1"," "," 0.32","G","999.9","000000"
"71874099999","2019-09-16","66.8333333","-108.0166666","5.0","BATHURST INLET, CA","  39.0","23","  32.8","23","1009.9","23","009.3","23","999.9"," 0"," 14.5","23"," 19.0"," 24.9","  45.5"," ","  35.4"," "," 0.00","G","999.9","000000"
"71874099999","2019-09-17","66.8333333","-108.0166666","5.0","BATHURST INLET, CA","  35.1","24","  31.6","24","1013.4","24","012.8","24","999.9"," 0","  8.1","24"," 13.0","999.9","  41.9"," ","  32.0"," "," 0.01","G","999.9","000000"
"71874099999","2019-09-18","66.8333333","-108.0166666","5.0","BATHURST INLET, CA","  36.2","21","  34.1","20","1009.6","21","009.0","21","999.9"," 0","  6.5","21","  8.0","999.9","  39.2","*","  32.7","*"," 0.09","G","999.9","000000"
"71874099999","2019-09-19","66.8333333","-108.0166666","5.0","BATHURST INLET, CA","  37.3","24","  33.0","24","1008.3","24","007.7","24","999.9"," 0","  5.4","24","  9.9","999.9","  43.3","*","  32.9","*"," 0.01","G","999.9","000000"
"71874099999","2019-09-20","66.8333333","-108.0166666","5.0","BATHURST INLET, CA","  38.7","23","  33.5","23","1007.2","22","006.6","22","999.9"," 0","  8.7","23"," 13.0"," 15.0","  43.7"," ","  32.2"," "," 0.00","G","999.9","000000"
"71874099999","2019-09-21","66.8333333","-108.0166666","5.0","BATHURST INLET, CA","  37.9","18","  34.6","18","1005.2","18","004.6","18","999.9"," 0","  9.1","18"," 12.0","999.9","  40.5","*","  35.4","*"," 0.00","I","999.9","000000"
"71874099999","2019-09-22","66.8333333","-108.0166666","5.0","BATHURST INLET, CA","  39.2","24","  37.3","24"," 996.7","24","996.1","24","999.9"," 0","  5.3","24"," 12.0","999.9","  41.5","*","  36.5","*"," 0.18","G","999.9","000000"
"71874099999","2019-09-23","66.8333333","-108.0166666","5.0","BATHURST INLET, CA","  37.4","24","  36.1","20"," 994.6","24","994.0","24","999.9"," 0","  9.7","24"," 15.0","999.9","  41.7","*","  33.6","*"," 0.08","G","999.9","000000"
"71874099999","2019-09-24","66.8333333","-108.0166666","5.0","BATHURST INLET, CA","  32.7","24","  28.8","24","1001.3","24","000.7","24","999.9"," 0"," 10.8","24"," 13.0","999.9","  35.1","*","  31.1","*"," 0.02","G","999.9","000000"
"71874099999","2019-09-25","66.8333333","-108.0166666","5.0","BATHURST INLET, CA","  29.2","24","  24.8","24","1006.9","24","006.3","24","999.9"," 0"," 13.3","24"," 15.0"," 19.0","  31.8","*","  26.2","*"," 0.01","G","999.9","000000"
"71874099999","2019-09-26","66.8333333","-108.0166666","5.0","BATHURST INLET, CA","  30.2","24","  27.3","24","1007.2","24","006.6","24","999.9"," 0","  9.7","24"," 16.9"," 22.0","  37.6","*","  26.4","*"," 0.01","G","999.9","000000"
"71874099999","2019-09-27","66.8333333","-108.0166666","5.0","BATHURST INLET, CA","  33.6","22","  29.7","22","1014.0","22","013.4","22","999.9"," 0"," 16.3","22"," 24.9"," 27.0","  37.8"," ","  26.2"," "," 0.01","G","999.9","000000"
"71874099999","2019-09-28","66.8333333","-108.0166666","5.0","BATHURST INLET, CA","  32.2","24","  27.8","24","1017.6","24","017.0","24","999.9"," 0"," 14.6","24"," 22.0"," 27.0","  35.6"," ","  28.9"," "," 0.03","G","999.9","000000"
"71874099999","2019-09-29","66.8333333","-108.0166666","5.0","BATHURST INLET, CA","  31.7","24","  26.5","24","1022.9","24","022.2","24","999.9"," 0","  6.9","24"," 15.9","999.9","  36.3","*","  28.8","*"," 0.02","G","999.9","000000"
"71874099999","2019-09-30","66.8333333","-108.0166666","5.0","BATHURST INLET, CA","  36.8","24","  28.7","24","1015.8","24","015.2","24","999.9"," 0","  9.4","24"," 15.0"," 20.0","  44.8","*","  30.6","*"," 0.01","G","999.9","000000"
"71874099999","2019-10-01","66.8333333","-108.0166666","5.0","BATHURST INLET, CA","  40.0","24","  32.3","24","1009.4","24","008.8","24","999.9"," 0","  6.1","24"," 11.1"," 15.0","  46.6"," ","  30.6"," "," 0.00","I","999.9","000000"
"71874099999","2019-10-02","66.8333333","-108.0166666","5.0","BATHURST INLET, CA","  38.0","20","  34.1","20","1013.8","20","013.1","20","999.9"," 0","  5.3","20"," 11.1","999.9","  45.9","*","  34.5","*"," 0.00","I","999.9","000000"
"71874099999","2019-10-03","66.8333333","-108.0166666","5.0","BATHURST INLET, CA","  37.7","24","  34.4","24","1014.4","24","013.7","24","999.9"," 0","  5.5","24"," 11.1","999.9","  43.9","*","  33.3","*"," 0.01","G","999.9","000000"
"71874099999","2019-10-04","66.8333333","-108.0166666","5.0","BATHURST INLET, CA","  36.1","24","  34.1","24","1008.7","24","008.1","24","999.9"," 0","  6.8","24"," 13.0","999.9","  43.5"," ","  33.6"," "," 0.19","G","999.9","000000"
"71874099999","2019-10-05","66.8333333","-108.0166666","5.0","BATHURST INLET, CA","  34.2","24","  31.4","24","1005.4","24","004.7","24","999.9"," 0","  5.0","24","  8.0","999.9","  37.4"," ","  31.3"," "," 0.01","G","999.9","000000"
"71874099999","2019-10-06","66.8333333","-108.0166666","5.0","BATHURST INLET, CA","  36.1","24","  31.1","24"," 998.1","24","997.5","24","999.9"," 0","  6.6","24"," 12.0"," 15.9","  40.8","*","  33.3","*"," 0.00","G","999.9","000000"
"71874099999","2019-10-07","66.8333333","-108.0166666","5.0","BATHURST INLET, CA","  34.7","24","  30.6","24"," 993.8","24","993.1","24","999.9"," 0"," 11.2","24"," 16.9","999.9","  39.6","*","  31.8","*"," 0.01","G","999.9","000000"
"71874099999","2019-10-08","66.8333333","-108.0166666","5.0","BATHURST INLET, CA","  28.9","24","  24.5","24","1003.4","24","002.8","24","999.9"," 0"," 17.0","24"," 26.0"," 33.0","  35.8"," ","  24.1"," "," 0.01","G","999.9","000000"
"71874099999","2019-10-09","66.8333333","-108.0166666","5.0","BATHURST INLET, CA","  29.6","22","  24.7","22","1007.7","22","007.0","22","999.9"," 0"," 16.7","22"," 23.9"," 28.9","  31.5","*","  27.5","*"," 0.02","G","999.9","000000"
"71874099999","2019-10-10","66.8333333","-108.0166666","5.0","BATHURST INLET, CA","  29.5","24","  22.5","24","1012.9","24","012.2","24","999.9"," 0"," 10.9","24"," 15.9"," 21.0","  34.3","*","  26.2","*"," 0.00","G","999.9","000000"
"71874099999","2019-10-11","66.8333333","-108.0166666","5.0","BATHURST INLET, CA","  36.3","24","  29.8","24","1016.6","24","015.9","24","999.9"," 0","  7.0","24"," 13.0"," 15.9","  40.3"," ","  28.0"," "," 0.00","I","999.9","000000"
"71874099999","2019-10-12","66.8333333","-108.0166666","5.0","BATHURST INLET, CA","  35.4","24","  31.8","24","1006.4","24","005.7","24","999.9"," 0"," 12.0","24"," 15.0"," 20.0","  41.2","*","  32.9","*"," 0.20","G","999.9","000000"
"71874099999","2019-10-13","66.8333333","-108.0166666","5.0","BATHURST INLET, CA","  35.8","24","  28.3","24","1004.6","24","003.9","24","999.9"," 0"," 17.7","24"," 23.9"," 29.9","  40.5","*","  31.5","*"," 0.01","G","999.9","000000"
"71874099999","2019-10-14","66.8333333","-108.0166666","5.0","BATHURST INLET, CA","  25.9","24","  16.6","24","1021.9","24","021.3","24","999.9"," 0","  8.0","24"," 15.9"," 21.0","  39.2"," ","  18.1"," "," 0.00","G","999.9","000000"
"71874099999","2019-10-15","66.8333333","-108.0166666","5.0","BATHURST INLET, CA","  25.4","22","  16.9","22","1025.3","22","024.6","22","999.9"," 0","  5.1","22","  8.9","999.9","  31.1","*","  20.5","*"," 0.00","G","999.9","000000"
"71874099999","2019-10-16","66.8333333","-108.0166666","5.0","BATHURST INLET, CA","  25.5","24","  20.9","24","1016.5","24","015.9","24","999.9"," 0","  7.6","24"," 11.1","999.9","  30.0"," ","  19.8"," "," 0.08","G","999.9","000000"
"71874099999","2019-10-17","66.8333333","-108.0166666","5.0","BATHURST INLET, CA","  27.6","24","  24.5","24","1005.3","24","004.7","24","999.9"," 0","  7.4","24","  9.9","999.9","  30.2","*","  24.4","*"," 0.17","G","999.9","000000"
"71874099999","2019-10-18","66.8333333","-108.0166666","5.0","BATHURST INLET, CA","  28.4","24","  25.2","24","1002.4","24","001.7","24","999.9"," 0","  9.6","24"," 12.0","999.9","  30.2"," ","  26.2"," "," 0.04","G","999.9","000000"
"71874099999","2019-10-19","66.8333333","-108.0166666","5.0","BATHURST INLET, CA","  28.7","24","  25.3","24","1003.7","24","003.1","24","999.9"," 0"," 16.5","24"," 20.0"," 23.9","  31.1","*","  26.2","*"," 0.00","G","999.9","000000"
"71874099999","2019-10-20","66.8333333","-108.0166666","5.0","BATHURST INLET, CA","  23.6","24","  20.9","24","1007.1","24","006.5","24","999.9"," 0"," 19.7","24"," 22.9"," 28.9","  26.4","*","  20.3","*"," 0.01","G","999.9","000000"
"71874099999","2019-10-21","66.8333333","-108.0166666","5.0","BATHURST INLET, CA","  19.7","24","  15.1","24","1008.5","24","007.9","24","999.9"," 0"," 16.5","24"," 22.0","999.9","  24.1"," ","  15.8"," "," 0.04","G","999.9","000000"
"71874099999","2019-10-22","66.8333333","-108.0166666","5.0","BATHURST INLET, CA","  19.1","24","  11.1","24","1013.2","24","012.5","24","999.9"," 0","  7.6","24"," 18.1"," 22.9","  25.7","*","  11.5","*"," 0.00","G","999.9","000000"
"71874099999","2019-10-23","66.8333333","-108.0166666","5.0","BATHURST INLET, CA","  24.4","24","  18.0","24","1017.6","24","016.9","24","999.9"," 0","  7.0","24"," 14.0"," 15.0","  31.1","*","  17.1","*"," 0.00","I","999.9","000000"
"71874099999","2019-10-24","66.8333333","-108.0166666","5.0","BATHURST INLET, CA","  26.5","24","  21.9","24","1004.1","24","003.5","24","999.9"," 0","  7.6","24"," 14.0","999.9","  31.5","*","  18.7","*"," 0.00","I","999.9","000000"
"71874099999","2019-10-25","66.8333333","-108.0166666","5.0","BATHURST INLET, CA","  23.3","22","  20.2","22","1001.3","21","000.6","21","999.9"," 0"," 16.8","22"," 22.9"," 27.0","  31.6"," ","  16.3"," "," 0.00","I","999.9","000000"
"71874099999","2019-10-26","66.8333333","-108.0166666","5.0","BATHURST INLET, CA","  18.2","24","  13.3","24","1023.5","24","022.8","24","999.9"," 0","  8.3","24"," 15.9","999.9","  23.5"," ","  10.4"," "," 0.00","I","999.9","000000"
"71874099999","2019-10-27","66.8333333","-108.0166666","5.0","BATHURST INLET, CA","  17.8","24","  13.7","24","1025.6","24","024.9","24","999.9"," 0","  9.2","24"," 15.9","999.9","  22.1","*","  12.2","*"," 0.04","G","999.9","000000"
"71874099999","2019-10-28","66.8333333","-108.0166666","5.0","BATHURST INLET, CA","  12.8","24","   8.7","24","1036.6","24","035.9","24","999.9"," 0"," 11.6","24"," 14.0","999.9","  19.8"," ","   9.9"," "," 0.01","G","999.9","000000"
"71874099999","2019-10-29","66.8333333","-108.0166666","5.0","BATHURST INLET, CA","   9.9","24","   4.4","24","1028.9","24","028.2","24","999.9"," 0","  8.7","24"," 16.9"," 22.9","  20.3"," ","  -2.6"," "," 0.01","G","  2.4","000000"
"71874099999","2019-10-30","66.8333333","-108.0166666","5.0","BATHURST INLET, CA","  26.8","24","  20.2","24","1004.1","24","003.4","24","999.9"," 0"," 15.9","24"," 30.3","999.9","  34.3","*","  17.6","*"," 0.01","G","999.9","000000"
"71874099999","2019-10-31","66.8333333","-108.0166666","5.0","BATHURST INLET, CA","  27.1","24","  23.1","24","1004.3","24","003.6","24","999.9"," 0"," 10.0","24"," 19.0","999.9","  34.9"," ","  23.2"," "," 0.00","I","999.9","000000"
"71874099999","2019-11-01","66.8333333","-108.0166666","5.0","BATHURST INLET, CA","  18.9","24","  16.2","24","1011.4","24","010.8","24","999.9"," 0","  3.7","24","  9.9","999.9","  23.2","*","  11.7","*"," 0.07","G","999.9","000000"
"71874099999","2019-11-02","66.8333333","-108.0166666","5.0","BATHURST INLET, CA","  19.6","24","  14.6","24","1011.1","24","010.4","24","999.9"," 0","  8.7","24"," 20.0","999.9","  24.8","*","   9.0","*"," 0.04","G","999.9","000000"
"71874099999","2019-11-03","66.8333333","-108.0166666","5.0","BATHURST INLET, CA","   4.9","24","  -0.8","24","1017.6","24","016.9","24","999.9"," 0"," 12.4","24"," 18.1"," 22.0","  24.3"," ","  -0.8"," "," 0.01","G","999.9","000000"
"71874099999","2019-11-04","66.8333333","-108.0166666","5.0","BATHURST INLET, CA","   8.8","24","   4.5","24","1020.2","24","019.4","24","999.9"," 0","  4.1","24","  8.0","999.9","  14.2"," ","  -0.8"," "," 0.01","G","999.9","000000"
"71874099999","2019-11-05","66.8333333","-108.0166666","5.0","BATHURST INLET, CA","  -2.3","24","  -7.2","24","1026.8","24","026.0","24","999.9"," 0","  5.6","24"," 11.1","999.9","  14.2"," "," -12.6"," "," 0.01","G","999.9","000000"
"71874099999","2019-11-06","66.8333333","-108.0166666","5.0","BATHURST INLET, CA","   3.6","24","  -3.4","24","1025.6","24","024.8","24","999.9"," 0"," 11.5","24"," 16.9"," 21.0","  10.0"," "," -12.6"," "," 0.00","I","999.9","000000"
"71874099999","2019-11-07","66.8333333","-108.0166666","5.0","BATHURST INLET, CA","  -7.1","19"," -12.5","19","1026.7","19","026.0","19","999.9"," 0","  5.8","19"," 13.0","999.9","  -2.4","*"," -11.9","*"," 0.00","I","999.9","000000"
"71874099999","2019-11-08","66.8333333","-108.0166666","5.0","BATHURST INLET, CA","  -0.2","24","  -4.8","24","1019.8","24","019.1","24","999.9"," 0","  7.5","24"," 15.9","999.9","   4.1"," "," -13.0"," "," 0.00","I","999.9","000000"
"71874099999","2019-11-09","66.8333333","-108.0166666","5.0","BATHURST INLET, CA","  -3.4","24","  -9.2","24","1030.5","24","029.8","24","999.9"," 0","  8.9","24"," 15.9","999.9","   2.8"," ","  -7.4"," "," 0.02","G","999.9","000000"
"71874099999","2019-11-10","66.8333333","-108.0166666","5.0","BATHURST INLET, CA","  -4.5","24"," -11.1","24","1029.1","24","028.4","24","999.9"," 0","  6.4","24"," 14.0","999.9","   7.7","*"," -13.0","*"," 0.02","G","999.9","000000"
"71874099999","2019-11-11","66.8333333","-108.0166666","5.0","BATHURST INLET, CA","  11.8","24","   3.9","24","1010.0","24","009.3","24","999.9"," 0","  8.0","24"," 20.0"," 22.0","  17.8","*","   7.7","*"," 0.01","G","999.9","000000"
"71874099999","2019-11-12","66.8333333","-108.0166666","5.0","BATHURST INLET, CA","  13.6","24","   7.7","24","1003.4","24","002.7","24","999.9"," 0"," 11.7","24"," 22.0"," 27.0","  21.6","*","   6.4","*"," 0.00","G","999.9","000000"
"71874099999","2019-11-13","66.8333333","-108.0166666","5.0","BATHURST INLET, CA","  -1.8","24"," -10.0","24","1008.8","24","008.0","24","999.9"," 0"," 18.6","24"," 22.9"," 28.9","  21.0"," ","  -5.6"," "," 0.01","G","999.9","000000"
"71874099999","2019-11-14","66.8333333","-108.0166666","5.0","BATHURST INLET, CA","  -1.1","24","  -6.9","24","1013.6","24","012.8","24","999.9"," 0"," 13.9","24"," 20.0"," 21.0","   2.3","*","  -5.6","*"," 0.00","I","999.9","000000"
"71874099999","2019-11-15","66.8333333","-108.0166666","5.0","BATHURST INLET, CA","   0.2","24","  -7.6","24","1015.0","24","014.2","24","999.9"," 0","  6.6","24"," 13.0","999.9","   2.5","*","  -3.5","*"," 0.00","G","999.9","000000"
"71874099999","2019-11-16","66.8333333","-108.0166666","5.0","BATHURST INLET, CA","  -3.4","24","  -8.9","24","1014.2","24","013.5","24","999.9"," 0","  4.0","24"," 11.1","999.9","   1.9"," ","  -9.6"," "," 0.02","G","999.9","000000"
"71874099999","2019-11-17","66.8333333","-108.0166666","5.0","BATHURST INLET, CA","  -0.9","24","  -7.4","24","1014.2","24","013.5","24","999.9"," 0","  3.8","24"," 11.1","999.9","   1.4","*","  -3.3","*"," 0.01","G","999.9","000000"
"71874099999","2019-11-18","66.8333333","-108.0166666","5.0","BATHURST INLET, CA","  -6.8","24"," -11.3","24","1015.5","24","014.8","24","999.9"," 0","  4.1","24","  8.2","999.9","   1.0"," ","  -9.9"," "," 0.01","A","999.9","000000"
"71874099999","2019-11-19","66.8333333","-108.0166666","5.0","BATHURST INLET, CA"," -14.1","24"," -19.2","24","1021.2","24","020.5","24","999.9"," 0","  2.4","24","  5.1","999.9","  -5.6"," "," -19.1"," "," 0.04","G","999.9","000000"
"71874099999","2019-11-20","66.8333333","-108.0166666","5.0","BATHURST INLET, CA","  -9.7","24"," -16.1","24","1023.1","24","022.4","24","999.9"," 0","  6.4","24"," 15.9"," 21.0","  -2.0"," "," -19.7"," "," 0.01","G","999.9","000000"
"71874099999","2019-11-21","66.8333333","-108.0166666","5.0","BATHURST INLET, CA","   5.1","24","   0.0","24","1006.3","24","005.6","24","999.9"," 0"," 12.5","24"," 20.0"," 24.9","   9.3"," "," -16.4"," "," 0.02","G","  2.0","000000"
"71874099999","2019-11-22","66.8333333","-108.0166666","5.0","BATHURST INLET, CA","   0.0","23","  -4.5","23","1001.1","23","000.3","23","999.9"," 0","  4.2","23","  7.0","999.9","   9.3"," ","  -6.5"," "," 0.01","G","  2.0","000000"
"71874099999","2019-11-23","66.8333333","-108.0166666","5.0","BATHURST INLET, CA","   6.9","23","   1.8","23"," 997.0","23","996.3","23","999.9"," 0"," 10.8","23"," 20.0"," 21.0","  12.0","*","   0.1","*"," 0.01","G","  2.0","000000"
"71874099999","2019-11-24","66.8333333","-108.0166666","5.0","BATHURST INLET, CA","  11.6","24","   7.8","24","1000.9","24","000.2","24","999.9"," 0","  5.2","24","  8.9","999.9","  14.9","*","   9.7","*"," 0.00","G","999.9","000000"
"71874099999","2019-11-25","66.8333333","-108.0166666","5.0","BATHURST INLET, CA","   5.1","24","   0.8","24","1015.6","24","014.8","24","999.9"," 0","  3.0","24","  7.0","999.9","  13.3"," ","  -3.5"," "," 0.01","G","999.9","000000"
"71874099999","2019-11-26","66.8333333","-108.0166666","5.0","BATHURST INLET, CA","   9.6","24","   4.0","24","1027.7","24","026.9","24","999.9"," 0","  7.6","24"," 14.0","999.9","  14.9","*","   0.9","*"," 0.00","I","999.9","000000"
"71874099999","2019-11-27","66.8333333","-108.0166666","5.0","BATHURST INLET, CA","   5.3","24","  -2.4","24","1030.1","24","029.3","24","999.9"," 0","  8.0","24"," 19.0"," 24.9","  13.6"," ","  -4.4"," "," 0.00","G","  2.4","000000"
"71874099999","2019-11-28","66.8333333","-108.0166666","5.0","BATHURST INLET, CA","  10.7","24","   2.8","24","1013.0","24","012.3","24","999.9"," 0"," 18.8","24"," 31.9"," 36.9","  19.8","*","   3.2","*"," 0.01","G","  2.0","000000"
"71874099999","2019-11-29","66.8333333","-108.0166666","5.0","BATHURST INLET, CA","  22.2","23","  14.4","23","1001.4","23","000.8","23","999.9"," 0"," 16.5","23"," 26.4"," 29.9","  27.3","*","  18.3","*"," 0.00","I","999.9","000000"
"71874099999","2019-11-30","66.8333333","-108.0166666","5.0","BATHURST INLET, CA","  18.2","23","  13.1","23","1012.3","23","011.6","23","999.9"," 0","  7.2","23"," 23.9"," 28.9","  27.7"," ","  14.5"," "," 0.01","G","999.9","000000"
"71874099999","2019-12-01","66.8333333","-108.0166666","5.0","BATHURST INLET, CA","   4.7","24","   1.1","24","1011.3","24","010.6","24","999.9"," 0","  4.3","24"," 11.1","999.9","  18.9"," ","  -9.8"," "," 0.05","G","999.9","000000"
"71874099999","2019-12-02","66.8333333","-108.0166666","5.0","BATHURST INLET, CA","   3.0","24","  -2.5","24","1009.5","24","008.7","24","999.9"," 0","  3.7","24"," 12.0","999.9","  12.0"," "," -11.9"," "," 0.01","G","999.9","000000"
"71874099999","2019-12-03","66.8333333","-108.0166666","5.0","BATHURST INLET, CA","  -2.1","24","  -8.7","24","1003.1","24","002.4","24","999.9"," 0","  7.7","24"," 14.0","999.9","   4.1","*","  -9.2","*"," 0.01","G","999.9","000000"
"71874099999","2019-12-04","66.8333333","-108.0166666","5.0","BATHURST INLET, CA","  -5.9","24"," -13.7","24","1008.9","24","008.2","24","999.9"," 0"," 13.3","24"," 18.1","999.9","   2.7"," "," -12.5"," "," 0.01","A","999.9","000000"
"71874099999","2019-12-05","66.8333333","-108.0166666","5.0","BATHURST INLET, CA"," -11.8","20"," -20.5","20","1010.6","17","009.8","17","999.9"," 0","  8.8","20"," 19.0","999.9","  -4.9","*"," -16.8","*"," 0.00","I","999.9","000000"
"71874099999","2019-12-06","66.8333333","-108.0166666","5.0","BATHURST INLET, CA"," -10.3","23"," -18.3","23","1005.0","23","004.3","23","999.9"," 0","  8.1","23"," 16.9"," 18.1","  -8.1"," "," -13.7"," "," 0.02","G","999.9","000000"
"71874099999","2019-12-07","66.8333333","-108.0166666","5.0","BATHURST INLET, CA"," -15.2","24"," -21.5","24","1012.8","24","012.1","24","999.9"," 0"," 12.3","24"," 20.0"," 24.9","  -8.0"," "," -20.9"," "," 0.02","G","999.9","000000"
"71874099999","2019-12-08","66.8333333","-108.0166666","5.0","BATHURST INLET, CA"," -15.2","22"," -21.5","22","1017.3","22","016.6","22","999.9"," 0","  9.4","22"," 15.9","999.9","  -9.4","*"," -22.5","*"," 0.01","G","999.9","000000"
"71874099999","2019-12-09","66.8333333","-108.0166666","5.0","BATHURST INLET, CA"," -15.5","22"," -21.6","22","1022.4","21","021.7","21","999.9"," 0","  9.5","21"," 20.0"," 24.9","  -6.9"," "," -22.4"," "," 0.00","G","999.9","000000"
"71874099999","2019-12-10","66.8333333","-108.0166666","5.0","BATHURST INLET, CA"," -18.0","24"," -24.6","24","1031.4","24","030.6","24","999.9"," 0","  7.1","24"," 14.2","999.9","  -6.9"," "," -21.1"," "," 0.00","I","999.9","000000"
"71874099999","2019-12-11","66.8333333","-108.0166666","5.0","BATHURST INLET, CA","  -9.6","24"," -16.3","24","1026.6","24","025.9","24","999.9"," 0"," 10.2","24"," 15.9"," 16.9","  -6.0","*"," -15.5","*"," 0.00","I","999.9","000000"
"71874099999","2019-12-12","66.8333333","-108.0166666","5.0","BATHURST INLET, CA"," -11.5","24"," -18.1","24","1022.3","24","021.5","24","999.9"," 0"," 10.6","24"," 15.9","999.9","  -6.2"," "," -15.9"," "," 0.01","G","999.9","000000"
"71874099999","2019-12-13","66.8333333","-108.0166666","5.0","BATHURST INLET, CA","  -2.8","24"," -11.0","24","1020.9","24","020.2","24","999.9"," 0","  6.5","24"," 15.0","999.9","   5.9","*","  -8.0","*"," 0.00","I","999.9","000000"
"71874099999","2019-12-14","66.8333333","-108.0166666","5.0","BATHURST INLET, CA","  -1.4","23","  -9.7","23","1008.9","23","008.1","23","999.9"," 0"," 11.6","23"," 16.9"," 21.0","   3.9","*"," -12.8","*"," 0.00","I","999.9","000000"
"71874099999","2019-12-15","66.8333333","-108.0166666","5.0","BATHURST INLET, CA"," -16.4","23"," -22.9","23","1010.0","23","009.3","23","999.9"," 0","  4.1","23"," 11.1","999.9","   1.9"," "," -22.4"," "," 0.00","I","999.9","000000"
"71874099999","2019-12-16","66.8333333","-108.0166666","5.0","BATHURST INLET, CA","  -9.0","23"," -17.4","23","1010.2","23","009.5","23","999.9"," 0"," 10.7","23"," 16.9"," 19.0","  -4.9","*"," -12.5","*"," 0.00","I","999.9","000000"
"71874099999","2019-12-17","66.8333333","-108.0166666","5.0","BATHURST INLET, CA"," -18.2","23"," -25.9","23","1011.0","23","010.3","23","999.9"," 0","  8.8","23"," 14.0","999.9","  -8.3","*"," -26.0","*"," 0.01","A","999.9","000000"
"71874099999","2019-12-18","66.8333333","-108.0166666","5.0","BATHURST INLET, CA"," -26.8","24"," -35.4","24","1013.6","24","012.9","24","999.9"," 0"," 10.7","24"," 16.9"," 20.0"," -22.9","*"," -30.6","*"," 0.00","I","999.9","000000"
"71874099999","2019-12-19","66.8333333","-108.0166666","5.0","BATHURST INLET, CA"," -21.6","24"," -31.1","24","1018.3","24","017.6","24","999.9"," 0"," 10.2","24"," 16.9"," 21.0"," -17.1","*"," -24.7","*"," 0.00","I","999.9","000000"
"71874099999","2019-12-20","66.8333333","-108.0166666","5.0","BATHURST INLET, CA"," -17.4","24"," -23.9","24","1012.0","24","011.2","24","999.9"," 0","  8.2","24"," 18.1"," 22.9"," -14.1","*"," -21.6","*"," 0.06","G","999.9","000000"
"71874099999","2019-12-21","66.8333333","-108.0166666","5.0","BATHURST INLET, CA"," -14.1","23"," -22.4","23","1011.0","23","010.2","23","999.9"," 0","  4.6","23"," 13.0","999.9","  -7.4","*"," -23.8","*"," 0.00","I","999.9","000000"
"71874099999","2019-12-22","66.8333333","-108.0166666","5.0","BATHURST INLET, CA"," -15.2","24"," -21.2","24","1010.8","24","010.1","24","999.9"," 0","  2.2","24","  7.0","999.9","  -7.8","*"," -23.4","*"," 0.03","G","999.9","000000"
"71874099999","2019-12-23","66.8333333","-108.0166666","5.0","BATHURST INLET, CA"," -13.7","24"," -21.6","24","1010.4","24","009.7","24","999.9"," 0","  8.9","24"," 19.0"," 22.9","  -7.4","*"," -23.1","*"," 0.01","G","999.9","000000"
"71874099999","2019-12-24","66.8333333","-108.0166666","5.0","BATHURST INLET, CA","  -5.5","24"," -12.4","24","1002.5","24","001.7","24","999.9"," 0","  3.4","24","  8.9","999.9","  -1.3","*"," -10.7","*"," 0.01","G","999.9","000000"
"71874099999","2019-12-25","66.8333333","-108.0166666","5.0","BATHURST INLET, CA","  -9.3","24"," -14.5","24","1010.4","24","009.7","24","999.9"," 0","  3.0","24","  6.0","999.9","  -3.1"," "," -15.7"," "," 0.01","A","999.9","000000"
"71874099999","2019-12-26","66.8333333","-108.0166666","5.0","BATHURST INLET, CA","  -0.3","24","  -5.9","24","1007.8","24","007.0","24","999.9"," 0"," 13.0","24"," 28.9"," 35.0","   9.7"," "," -15.7"," "," 0.01","G","999.9","000000"
"71874099999","2019-12-27","66.8333333","-108.0166666","5.0","BATHURST INLET, CA","   9.5","23","   4.8","23","1002.3","23","001.6","23","999.9"," 0"," 13.5","23"," 27.0"," 35.0","  16.7","*","   1.4","*"," 0.00","I","999.9","000000"
"71874099999","2019-12-28","66.8333333","-108.0166666","5.0","BATHURST INLET, CA","  -9.8","24"," -17.5","24","1013.5","24","012.8","24","999.9"," 0","  9.1","24"," 15.0","999.9","   0.0","*"," -13.0","*"," 0.00","I","999.9","000000"
"71874099999","2019-12-29","66.8333333","-108.0166666","5.0","BATHURST INLET, CA"," -14.1","24"," -20.6","24","1013.6","24","012.9","24","999.9"," 0","  9.5","24"," 21.0","999.9"," -10.1","*"," -21.5","*"," 0.11","G","999.9","000000"
"71874099999","2019-12-30","66.8333333","-108.0166666","5.0","BATHURST INLET, CA"," -13.3","20"," -21.3","20","1017.1","20","016.3","20","999.9"," 0","  9.5","20"," 18.1"," 21.0","   1.2","*"," -23.4","*"," 0.01","G","999.9","000000"
"71874099999","2019-12-31","66.8333333","-108.0166666","5.0","BATHURST INLET, CA","   0.5","24","  -4.8","24"," 999.0","24","998.3","24","999.9"," 0","  7.7","24"," 12.0","999.9","   4.6","*","  -4.2","*"," 0.02","G","999.9","000000"
