"STATION","DATE","LATITUDE","LONGITUDE","ELEVATION","NAME","TEMP","TEMP_ATTRIBUTES","DEWP","DEWP_ATTRIBUTES","SLP","SLP_ATTRIBUTES","STP","STP_ATTRIBUTES","VISIB","VISIB_ATTRIBUTES","WDSP","WDSP_ATTRIBUTES","MXSPD","GUST","MAX","MAX_ATTRIBUTES","MIN","MIN_ATTRIBUTES","PRCP","PRCP_ATTRIBUTES","SNDP","FRSHTT"
"72060600198","2019-01-01","32.701","-80.003","5.2","CHARLESTON EXECUTIVE AIRPORT, SC US","  67.6","24","  65.1","24","9999.9"," 0","019.2","24","  3.8","24","  6.9","24"," 11.1"," 17.1","  75.2","*","  62.6","*"," 0.00","I","999.9","100000"
"72060600198","2019-01-02","32.701","-80.003","5.2","CHARLESTON EXECUTIVE AIRPORT, SC US","  65.1","24","  63.5","24","9999.9"," 0","020.4","24","  2.7","24","  1.5","24","  9.9","999.9","  73.4","*","  59.0","*"," 0.00","I","999.9","100000"
"72060600198","2019-01-03","32.701","-80.003","5.2","CHARLESTON EXECUTIVE AIRPORT, SC US","  63.1","24","  62.1","24","9999.9"," 0","017.0","24","  2.9","24","  2.4","24","  7.0","999.9","  69.8","*","  59.0","*"," 0.00","I","999.9","100000"
"72060600198","2019-01-04","32.701","-80.003","5.2","CHARLESTON EXECUTIVE AIRPORT, SC US","  63.6","24","  63.6","24","9999.9"," 0","013.4","24","  3.8","24","  4.9","24"," 14.0"," 22.0","  66.2","*","  60.8","*"," 0.00","I","999.9","100000"
"72060600198","2019-01-05","32.701","-80.003","5.2","CHARLESTON EXECUTIVE AIRPORT, SC US","  57.6","24","  48.0","24","9999.9"," 0","009.7","24","  6.8","24"," 11.3","24"," 17.1"," 31.1","  66.2","*","  48.2","*"," 0.00","I","999.9","000000"
"72060600198","2019-01-06","32.701","-80.003","5.2","CHARLESTON EXECUTIVE AIRPORT, SC US","  53.5","24","  43.6","24","9999.9"," 0","019.0","24","  7.7","24","  2.7","24","  7.0","999.9","  71.6","*","  41.0","*"," 0.00","I","999.9","000000"
"72060600198","2019-01-07","32.701","-80.003","5.2","CHARLESTON EXECUTIVE AIRPORT, SC US","  53.5","24","  49.3","24","9999.9"," 0","024.1","24","  6.8","24","  3.4","24"," 12.0"," 15.0","  68.0","*","  42.8","*"," 0.00","I","999.9","000000"
"72060600198","2019-01-08","32.701","-80.003","5.2","CHARLESTON EXECUTIVE AIRPORT, SC US","  57.8","24","  54.6","24","9999.9"," 0","021.0","24","  4.6","24","  2.8","24","  9.9"," 17.1","  71.6","*","  50.0","*"," 0.00","I","999.9","100000"
"72060600198","2019-01-09","32.701","-80.003","5.2","CHARLESTON EXECUTIVE AIRPORT, SC US","  59.0","24","  43.2","24","9999.9"," 0","015.1","24","  7.5","24","  9.7","24"," 15.9"," 22.0","  62.6","*","  50.0","*"," 0.00","I","999.9","000000"
"72060600198","2019-01-10","32.701","-80.003","5.2","CHARLESTON EXECUTIVE AIRPORT, SC US","  44.4","24","  24.9","24","9999.9"," 0","017.4","21","  8.3","24","  6.7","24"," 11.1"," 18.1","  53.6","*","  33.8","*"," 0.00","I","999.9","000000"
"72060600198","2019-01-11","32.701","-80.003","5.2","CHARLESTON EXECUTIVE AIRPORT, SC US","  38.6","24","  24.6","24","9999.9"," 0","024.6","24","  7.5","24","  3.8","24","  8.0","  9.9","  48.2","*","  32.0","*"," 0.00","I","999.9","000000"
"72060600198","2019-01-12","32.701","-80.003","5.2","CHARLESTON EXECUTIVE AIRPORT, SC US","  43.2","24","  37.3","24","9999.9"," 0","027.3","24","  6.6","24","  5.9","24"," 12.0"," 17.1","  55.4","*","  33.8","*"," 0.00","I","999.9","000000"
"72060600198","2019-01-13","32.701","-80.003","5.2","CHARLESTON EXECUTIVE AIRPORT, SC US","  55.1","24","  53.2","24","9999.9"," 0","019.9","24","  4.6","24","  7.1","24"," 13.0"," 17.1","  66.2","*","  46.4","*"," 0.00","I","999.9","000000"
"72060600198","2019-01-14","32.701","-80.003","5.2","CHARLESTON EXECUTIVE AIRPORT, SC US","  44.9","24","  40.9","24","9999.9"," 0","021.9","24","  6.1","24","  6.5","24","  9.9"," 15.0","  48.2","*","  41.0","*"," 0.00","I","999.9","000000"
"72060600198","2019-01-15","32.701","-80.003","5.2","CHARLESTON EXECUTIVE AIRPORT, SC US","  45.0","24","  39.1","24","9999.9"," 0","023.0","24","  6.2","24","  1.9","24","  6.0","999.9","  51.8","*","  41.0","*"," 0.00","I","999.9","000000"
"72060600198","2019-01-16","32.701","-80.003","5.2","CHARLESTON EXECUTIVE AIRPORT, SC US","  49.5","24","  41.9","24","9999.9"," 0","023.3","24","  6.8","24","  1.7","24","  8.9"," 11.1","  59.0","*","  41.0","*"," 0.00","I","999.9","000000"
"72060600198","2019-01-17","32.701","-80.003","5.2","CHARLESTON EXECUTIVE AIRPORT, SC US","  45.2","24","  39.0","24","9999.9"," 0","023.7","24","  6.0","24","  2.2","24","  8.9"," 12.0","  59.0","*","  32.0","*"," 0.00","I","999.9","000000"
"72060600198","2019-01-18","32.701","-80.003","5.2","CHARLESTON EXECUTIVE AIRPORT, SC US","  52.5","24","  47.7","24","9999.9"," 0","020.5","24","  4.7","24","  1.1","24","  7.0"," 11.1","  66.2","*","  42.8","*"," 0.00","I","999.9","100000"
"72060600198","2019-01-19","32.701","-80.003","5.2","CHARLESTON EXECUTIVE AIRPORT, SC US","  59.2","24","  54.4","24","9999.9"," 0","016.8","24","  4.1","24","  2.7","24"," 14.0"," 18.1","  69.8","*","  53.6","*"," 0.00","I","999.9","000000"
"72060600198","2019-01-20","32.701","-80.003","5.2","CHARLESTON EXECUTIVE AIRPORT, SC US","  57.8","24","  51.0","24","9999.9"," 0","004.7","24","  5.4","24"," 13.3","24"," 21.0"," 31.1","  66.2","*","  48.2","*"," 0.00","I","999.9","000000"
"72060600198","2019-01-21","32.701","-80.003","5.2","CHARLESTON EXECUTIVE AIRPORT, SC US","  39.3","24","  18.5","24","9999.9"," 0","023.4","24","  8.1","24","  7.6","24"," 12.0"," 15.9","  48.2","*","  32.0","*"," 0.00","I","999.9","000000"
"72060600198","2019-01-22","32.701","-80.003","5.2","CHARLESTON EXECUTIVE AIRPORT, SC US","  38.6","24","  22.0","24","9999.9"," 0","034.4","24","  7.5","24","  8.8","24"," 15.0"," 21.0","  50.0","*","  30.2","*"," 0.00","I","999.9","000000"
"72060600198","2019-01-23","32.701","-80.003","5.2","CHARLESTON EXECUTIVE AIRPORT, SC US","  55.3","24","  51.7","24","9999.9"," 0","027.1","24","  4.9","24","  6.1","24"," 14.0"," 22.9","  68.0","*","  46.4","*"," 0.00","I","999.9","000000"
"72060600198","2019-01-24","32.701","-80.003","5.2","CHARLESTON EXECUTIVE AIRPORT, SC US","  64.3","24","  59.3","24","9999.9"," 0","009.3","24","  3.9","24"," 13.7","24"," 28.0"," 35.0","  68.0","*","  55.4","*"," 0.00","I","999.9","000000"
"72060600198","2019-01-25","32.701","-80.003","5.2","CHARLESTON EXECUTIVE AIRPORT, SC US","  47.2","24","  32.5","24","9999.9"," 0","018.5","24","  7.1","24","  6.6","24","  9.9"," 15.0","  57.2","*","  35.6","*"," 0.00","I","999.9","000000"
"72060600198","2019-01-26","32.701","-80.003","5.2","CHARLESTON EXECUTIVE AIRPORT, SC US","  44.5","24","  27.6","24","9999.9"," 0","023.8","24","  7.0","24","  3.5","24","  8.9"," 12.0","  57.2","*","  32.0","*"," 0.00","I","999.9","000000"
"72060600198","2019-01-27","32.701","-80.003","5.2","CHARLESTON EXECUTIVE AIRPORT, SC US","  41.5","24","  32.4","24","9999.9"," 0","020.9","24","  6.7","24","  0.9","24","  6.0","999.9","  51.8","*","  33.8","*"," 0.00","I","999.9","000000"
"72060600198","2019-01-28","32.701","-80.003","5.2","CHARLESTON EXECUTIVE AIRPORT, SC US","  48.2","24","  37.9","24","9999.9"," 0","015.2","24","  6.6","24","  2.2","24","  8.0","  9.9","  57.2","*","  42.8","*"," 0.00","I","999.9","000000"
"72060600198","2019-01-29","32.701","-80.003","5.2","CHARLESTON EXECUTIVE AIRPORT, SC US","  49.0","24","  41.7","24","9999.9"," 0","015.4","24","  6.5","24","  4.0","24"," 14.0"," 18.1","  59.0","*","  39.2","*"," 0.00","I","999.9","000000"
"72060600198","2019-01-30","32.701","-80.003","5.2","CHARLESTON EXECUTIVE AIRPORT, SC US","  40.5","24","  29.1","24","9999.9"," 0","019.6","24","  6.8","23","  7.6","24"," 13.0"," 17.1","  50.0","*","  30.2","*"," 0.00","I","999.9","000000"
"72060600198","2019-01-31","32.701","-80.003","5.2","CHARLESTON EXECUTIVE AIRPORT, SC US","  40.5","24","  24.4","24","9999.9"," 0","027.4","23","  7.2","24","  4.3","24","  8.9"," 14.0","  55.4","*","  30.2","*"," 0.00","I","999.9","000000"
"72060600198","2019-02-01","32.701","-80.003","5.2","CHARLESTON EXECUTIVE AIRPORT, SC US","  43.6","24","  36.4","24","9999.9"," 0","027.9","24","  6.7","24","  1.7","24","  7.0","999.9","  60.8","*","  30.2","*"," 0.00","I","999.9","000000"
"72060600198","2019-02-02","32.701","-80.003","5.2","CHARLESTON EXECUTIVE AIRPORT, SC US","  53.5","24","  44.4","24","9999.9"," 0","024.7","24","  6.8","24","  3.9","24"," 12.0"," 19.0","  64.4","*","  44.6","*"," 0.00","I","999.9","000000"
"72060600198","2019-02-03","32.701","-80.003","5.2","CHARLESTON EXECUTIVE AIRPORT, SC US","  56.4","24","  54.4","24","9999.9"," 0","018.6","24","  5.1","24","  4.9","24"," 15.0"," 19.0","  60.8","*","  51.8","*"," 0.00","I","999.9","000000"
"72060600198","2019-02-04","32.701","-80.003","5.2","CHARLESTON EXECUTIVE AIRPORT, SC US","  57.0","24","  47.5","24","9999.9"," 0","016.7","24","  6.4","24","  4.9","24","  8.0"," 11.1","  73.4","*","  42.8","*"," 0.00","I","999.9","000000"
"72060600198","2019-02-05","32.701","-80.003","5.2","CHARLESTON EXECUTIVE AIRPORT, SC US","  58.8","24","  50.8","24","9999.9"," 0","017.4","24","  7.2","24","  3.7","24"," 11.1","999.9","  77.0","*","  48.2","*"," 0.00","I","999.9","000000"
"72060600198","2019-02-06","32.701","-80.003","5.2","CHARLESTON EXECUTIVE AIRPORT, SC US","  60.2","24","  56.2","24","9999.9"," 0","019.9","24","  5.4","24","  3.2","24","  9.9","999.9","  73.4","*","  48.2","*"," 0.00","I","999.9","000000"
"72060600198","2019-02-07","32.701","-80.003","5.2","CHARLESTON EXECUTIVE AIRPORT, SC US","  64.8","24","  58.2","24","9999.9"," 0","020.4","24","  5.8","24","  5.9","24"," 13.0"," 15.0","  75.2","*","  55.4","*"," 0.00","I","999.9","000000"
"72060600198","2019-02-08","32.701","-80.003","5.2","CHARLESTON EXECUTIVE AIRPORT, SC US","  66.6","24","  61.5","24","9999.9"," 0","020.6","24","  6.7","24","  6.8","24"," 13.0"," 17.1","  77.0","*","  59.0","*"," 0.00","I","999.9","000000"
"72060600198","2019-02-09","32.701","-80.003","5.2","CHARLESTON EXECUTIVE AIRPORT, SC US","  56.4","24","  31.5","24","9999.9"," 0","030.3","24","  8.7","24","  9.8","24"," 18.1"," 20.0","  68.0","*","  48.2","*"," 0.00","I","999.9","000000"
"72060600198","2019-02-10","32.701","-80.003","5.2","CHARLESTON EXECUTIVE AIRPORT, SC US","  49.0","24","  38.7","24","9999.9"," 0","033.6","24","  7.3","24"," 10.8","24"," 15.9"," 20.0","  57.2","*","  42.8","*"," 0.00","I","999.9","000000"
"72060600198","2019-02-11","32.701","-80.003","5.2","CHARLESTON EXECUTIVE AIRPORT, SC US","  55.5","24","  52.8","24","9999.9"," 0","023.3","24","  5.0","24","  3.0","24","  7.0","999.9","  66.2","*","  51.8","*"," 0.00","I","999.9","000000"
"72060600198","2019-02-12","32.701","-80.003","5.2","CHARLESTON EXECUTIVE AIRPORT, SC US","  61.6","24","  61.0","24","9999.9"," 0","017.0","24","  1.9","24","  3.7","24"," 14.0"," 19.0","  71.6","*","  57.2","*"," 0.00","I","999.9","100000"
"72060600198","2019-02-13","32.701","-80.003","5.2","CHARLESTON EXECUTIVE AIRPORT, SC US","  58.8","24","  45.1","24","9999.9"," 0","015.4","24","  7.2","24","  8.3","24"," 15.9"," 22.9","  66.2","*","  50.0","*"," 0.00","I","999.9","000000"
"72060600198","2019-02-14","32.701","-80.003","5.2","CHARLESTON EXECUTIVE AIRPORT, SC US","  48.6","24","  35.7","24","9999.9"," 0","020.0","24","  7.9","24","  1.8","24","  9.9","999.9","  66.2","*","  33.8","*"," 0.00","I","999.9","000000"
"72060600198","2019-02-15","32.701","-80.003","5.2","CHARLESTON EXECUTIVE AIRPORT, SC US","  57.8","24","  48.7","24","9999.9"," 0","015.3","24","  7.0","24","  2.8","24"," 11.1"," 14.0","  68.0","*","  51.8","*"," 0.00","I","999.9","000000"
"72060600198","2019-02-16","32.701","-80.003","5.2","CHARLESTON EXECUTIVE AIRPORT, SC US","  61.0","24","  55.5","24","9999.9"," 0","009.3","24","  5.6","24","  6.6","24"," 12.0"," 18.1","  71.6","*","  57.2","*"," 0.00","I","999.9","000000"
"72060600198","2019-02-17","32.701","-80.003","5.2","CHARLESTON EXECUTIVE AIRPORT, SC US","  53.8","24","  51.4","24","9999.9"," 0","014.1","24","  5.3","24","  5.6","24"," 13.0"," 15.0","  60.8","*","  48.2","*"," 0.00","I","999.9","000000"
"72060600198","2019-02-18","32.701","-80.003","5.2","CHARLESTON EXECUTIVE AIRPORT, SC US","  62.1","24","  58.0","24","9999.9"," 0","015.7","24","  4.6","24","  5.6","24"," 15.0"," 22.0","  68.0","*","  55.4","*"," 0.00","I","999.9","000000"
"72060600198","2019-02-19","32.701","-80.003","5.2","CHARLESTON EXECUTIVE AIRPORT, SC US","  55.6","24","  45.4","24","9999.9"," 0","027.2","24","  7.6","24","  8.6","24"," 18.1"," 26.0","  60.8","*","  48.2","*"," 0.00","I","999.9","000000"
"72060600198","2019-02-20","32.701","-80.003","5.2","CHARLESTON EXECUTIVE AIRPORT, SC US","  53.7","24","  50.9","24","9999.9"," 0","024.1","24","  3.7","24","  9.9","24"," 18.1"," 28.0","  62.6","*","  48.2","*"," 0.00","I","999.9","000000"
"72060600198","2019-02-21","32.701","-80.003","5.2","CHARLESTON EXECUTIVE AIRPORT, SC US","  59.4","24","  57.9","24","9999.9"," 0","019.6","24","  3.0","24","  2.7","24","  8.9","999.9","  77.0","*","  51.8","*","99.99"," ","999.9","110000"
"72060600198","2019-02-22","32.701","-80.003","5.2","CHARLESTON EXECUTIVE AIRPORT, SC US","  65.2","24","  63.2","24","9999.9"," 0","020.7","24","  3.8","24","  3.6","24"," 13.0"," 20.0","  80.6","*","  57.2","*","99.99"," ","999.9","110000"
"72060600198","2019-02-23","32.701","-80.003","5.2","CHARLESTON EXECUTIVE AIRPORT, SC US","  55.4","24","  53.4","24","9999.9"," 0","022.9","24","  7.2","24","  6.4","24"," 12.0"," 18.1","  60.8","*","  51.8","*"," 0.00","I","999.9","000000"
"72060600198","2019-02-24","32.701","-80.003","5.2","CHARLESTON EXECUTIVE AIRPORT, SC US","  62.8","24","  59.5","24","9999.9"," 0","014.9","24","  5.5","24","  6.0","24"," 13.0"," 22.9","  73.4","*","  55.4","*","99.99"," ","999.9","110000"
"72060600198","2019-02-25","32.701","-80.003","5.2","CHARLESTON EXECUTIVE AIRPORT, SC US","  58.7","24","  29.0","24","9999.9"," 0","023.0","24"," 10.0","24","  7.7","24"," 15.9"," 24.1","  69.8","*","  39.2","*"," 0.00","I","999.9","000000"
"72060600198","2019-02-26","32.701","-80.003","5.2","CHARLESTON EXECUTIVE AIRPORT, SC US","  52.5","24","  42.7","24","9999.9"," 0","028.8","24"," 10.0","24","  1.9","24","  8.0"," 11.1","  68.0","*","  41.0","*"," 0.00","I","999.9","000000"
"72060600198","2019-02-27","32.701","-80.003","5.2","CHARLESTON EXECUTIVE AIRPORT, SC US","  60.7","24","  56.4","24","9999.9"," 0","022.4","24","  9.6","24","  1.3","24","  6.0","999.9","  68.0","*","  55.4","*","99.99"," ","999.9","010000"
"72060600198","2019-02-28","32.701","-80.003","5.2","CHARLESTON EXECUTIVE AIRPORT, SC US","  63.8","24","  60.4","24","9999.9"," 0","016.3","23","  5.2","24","  2.0","24","  8.9","999.9","  75.2","*","  57.2","*","99.99"," ","999.9","110000"
"72060600198","2019-03-01","32.701","-80.003","5.2","CHARLESTON EXECUTIVE AIRPORT, SC US","  61.6","24","  60.4","24","9999.9"," 0","017.5","19","  5.8","24","  3.4","24"," 12.0"," 19.0","  71.6","*","  53.6","*","99.99"," ","999.9","110000"
"72060600198","2019-03-02","32.701","-80.003","5.2","CHARLESTON EXECUTIVE AIRPORT, SC US","  64.3","24","  61.5","24","9999.9"," 0","017.4","24","  9.3","24","  6.3","24"," 12.0"," 18.1","  71.6","*","  60.8","*"," 0.00","I","999.9","000000"
"72060600198","2019-03-03","32.701","-80.003","5.2","CHARLESTON EXECUTIVE AIRPORT, SC US","  62.3","24","  61.8","24","9999.9"," 0","014.5","24","  4.0","24","  3.4","24"," 12.0"," 17.1","  66.2","*","  59.0","*","99.99"," ","999.9","110000"
"72060600198","2019-03-04","32.701","-80.003","5.2","CHARLESTON EXECUTIVE AIRPORT, SC US","  62.1","24","  57.8","24","9999.9"," 0","009.7","24","  8.6","24"," 11.1","24"," 19.0"," 26.0","  66.2","*","  51.8","*","99.99"," ","999.9","010000"
"72060600198","2019-03-05","32.701","-80.003","5.2","CHARLESTON EXECUTIVE AIRPORT, SC US","  48.1","24","  44.1","24","9999.9"," 0","016.8","24","  8.7","23","  4.5","24"," 13.0"," 19.0","  51.8","*","  42.8","*","99.99"," ","999.9","010000"
"72060600198","2019-03-06","32.701","-80.003","5.2","CHARLESTON EXECUTIVE AIRPORT, SC US","  41.3","24","  23.5","24","9999.9"," 0","022.9","18","  9.8","24","  6.1","24"," 11.1"," 15.9","  53.6","*","  32.0","*"," 0.00","I","999.9","000000"
"72060600198","2019-03-07","32.701","-80.003","5.2","CHARLESTON EXECUTIVE AIRPORT, SC US","  43.9","24","  27.3","24","9999.9"," 0","027.1","24","  9.9","24","  3.4","24"," 11.1"," 15.9","  62.6","*","  32.0","*"," 0.00","I","999.9","000000"
"72060600198","2019-03-08","32.701","-80.003","5.2","CHARLESTON EXECUTIVE AIRPORT, SC US","  53.5","24","  45.3","24","9999.9"," 0","024.0","24","  9.8","24","  2.7","24"," 11.1"," 15.9","  68.0","*","  41.0","*"," 0.00","I","999.9","000000"
"72060600198","2019-03-09","32.701","-80.003","5.2","CHARLESTON EXECUTIVE AIRPORT, SC US","  63.8","24","  56.8","24","9999.9"," 0","019.6","24","  9.4","24","  4.8","24","  8.9"," 12.0","  73.4","*","  55.4","*"," 0.00","I","999.9","000000"
"72060600198","2019-03-10","32.701","-80.003","5.2","CHARLESTON EXECUTIVE AIRPORT, SC US","  69.2","24","  63.8","24","9999.9"," 0","019.5","24","  9.3","24","  6.6","24"," 13.0"," 22.0","  78.8","*","  60.8","*"," 0.00","I","999.9","000000"
"72060600198","2019-03-11","32.701","-80.003","5.2","CHARLESTON EXECUTIVE AIRPORT, SC US","  68.5","24","  61.3","24","9999.9"," 0","020.9","24","  9.7","24","  4.5","24","  8.9"," 14.0","  73.4","*","  64.4","*","99.99"," ","999.9","010000"
"72060600198","2019-03-12","32.701","-80.003","5.2","CHARLESTON EXECUTIVE AIRPORT, SC US","  60.0","24","  46.3","24","9999.9"," 0","022.8","24"," 10.0","24","  5.8","24"," 13.0"," 17.1","  64.4","*","  53.6","*","99.99"," ","999.9","010000"
"72060600198","2019-03-13","32.701","-80.003","5.2","CHARLESTON EXECUTIVE AIRPORT, SC US","  55.5","24","  46.3","24","9999.9"," 0","024.9","24"," 10.0","24","  4.1","24"," 13.0"," 17.1","  69.8","*","  42.8","*"," 0.00","I","999.9","000000"
"72060600198","2019-03-14","32.701","-80.003","5.2","CHARLESTON EXECUTIVE AIRPORT, SC US","  63.8","24","  56.2","24","9999.9"," 0","022.7","24","  9.6","24","  4.1","23"," 11.1"," 12.0","  75.2","*","  53.6","*"," 0.00","I","999.9","000000"
"72060600198","2019-03-15","32.701","-80.003","5.2","CHARLESTON EXECUTIVE AIRPORT, SC US","  68.2","24","  62.0","24","9999.9"," 0","019.2","24","  9.3","24","  9.0","24"," 17.1"," 27.0","  75.2","*","  62.6","*"," 0.00","I","999.9","000000"
"72060600198","2019-03-16","32.701","-80.003","5.2","CHARLESTON EXECUTIVE AIRPORT, SC US","  63.6","24","  48.9","24","9999.9"," 0","018.9","24","  9.7","24","  7.6","24"," 12.0"," 17.1","  69.8","*","  57.2","*","99.99"," ","999.9","010000"
"72060600198","2019-03-17","32.701","-80.003","5.2","CHARLESTON EXECUTIVE AIRPORT, SC US","  55.5","24","  34.9","24","9999.9"," 0","021.7","24","  9.5","24","  4.1","24","  8.9"," 13.0","  60.8","*","  51.8","*","99.99"," ","999.9","010000"
"72060600198","2019-03-18","32.701","-80.003","5.2","CHARLESTON EXECUTIVE AIRPORT, SC US","  52.5","24","  35.4","24","9999.9"," 0","021.1","24","  9.9","24","  2.1","24"," 11.1"," 13.0","  66.2","*","  39.2","*"," 0.00","I","999.9","000000"
"72060600198","2019-03-19","32.701","-80.003","5.2","CHARLESTON EXECUTIVE AIRPORT, SC US","  52.9","24","  33.1","24","9999.9"," 0","024.5","24"," 10.0","24","  7.7","24"," 13.0"," 19.0","  59.0","*","  48.2","*"," 0.00","I","999.9","000000"
"72060600198","2019-03-20","32.701","-80.003","5.2","CHARLESTON EXECUTIVE AIRPORT, SC US","  51.1","24","  36.3","24","9999.9"," 0","022.0","24","  9.7","24","  6.8","24"," 12.0"," 18.1","  60.8","*","  42.8","*"," 0.00","I","999.9","000000"
"72060600198","2019-03-21","32.701","-80.003","5.2","CHARLESTON EXECUTIVE AIRPORT, SC US","  54.6","24","  44.2","24","9999.9"," 0","014.0","24","  9.8","24","  8.0","24"," 14.0"," 20.0","  69.8","*","  44.6","*"," 0.00","I","999.9","000000"
"72060600198","2019-03-22","32.701","-80.003","5.2","CHARLESTON EXECUTIVE AIRPORT, SC US","  56.6","24","  37.8","24","9999.9"," 0","012.0","24","  9.8","24","  7.1","24"," 14.0"," 22.0","  69.8","*","  42.8","*"," 0.00","I","999.9","000000"
"72060600198","2019-03-23","32.701","-80.003","5.2","CHARLESTON EXECUTIVE AIRPORT, SC US","  57.5","24","  35.2","24","9999.9"," 0","019.7","24"," 10.0","24","  6.4","24"," 11.1"," 14.0","  64.4","*","  48.2","*"," 0.00","I","999.9","000000"
"72060600198","2019-03-24","32.701","-80.003","5.2","CHARLESTON EXECUTIVE AIRPORT, SC US","  55.9","24","  43.9","24","9999.9"," 0","025.4","24","  9.9","24","  2.5","24","  8.0","  9.9","  69.8","*","  42.8","*"," 0.00","I","999.9","000000"
"72060600198","2019-03-25","32.701","-80.003","5.2","CHARLESTON EXECUTIVE AIRPORT, SC US","  64.7","24","  58.1","24","9999.9"," 0","018.7","24","  8.6","24","  6.4","24"," 14.0"," 20.0","  75.2","*","  57.2","*"," 0.00","I","999.9","100000"
"72060600198","2019-03-26","32.701","-80.003","5.2","CHARLESTON EXECUTIVE AIRPORT, SC US","  59.8","24","  54.8","24","9999.9"," 0","015.3","24","  9.5","24","  8.4","24"," 13.0"," 22.0","  66.2","*","  51.8","*","99.99"," ","999.9","010000"
"72060600198","2019-03-27","32.701","-80.003","5.2","CHARLESTON EXECUTIVE AIRPORT, SC US","  52.0","24","  34.5","24","9999.9"," 0","024.2","24"," 10.0","24"," 10.6","24"," 17.1"," 25.1","  62.6","*","  42.8","*"," 0.00","I","999.9","000000"
"72060600198","2019-03-28","32.701","-80.003","5.2","CHARLESTON EXECUTIVE AIRPORT, SC US","  55.7","24","  44.4","24","9999.9"," 0","026.8","24","  9.8","24","  7.6","24"," 14.0"," 18.1","  68.0","*","  44.6","*"," 0.00","I","999.9","000000"
"72060600198","2019-03-29","32.701","-80.003","5.2","CHARLESTON EXECUTIVE AIRPORT, SC US","  57.7","24","  47.2","24","9999.9"," 0","023.7","21","  7.8","24","  2.5","24","  8.9"," 14.0","  71.6","*","  44.6","*"," 0.00","I","999.9","100000"
"72060600198","2019-03-30","32.701","-80.003","5.2","CHARLESTON EXECUTIVE AIRPORT, SC US","  62.6","24","  53.8","24","9999.9"," 0","019.5","23","  9.4","24","  4.3","24"," 11.1"," 15.9","  75.2","*","  51.8","*"," 0.00","I","999.9","000000"
"72060600198","2019-03-31","32.701","-80.003","5.2","CHARLESTON EXECUTIVE AIRPORT, SC US","  66.8","24","  59.6","24","9999.9"," 0","014.0","20","  8.6","24","  9.3","24"," 17.1"," 22.0","  73.4","*","  62.6","*","99.99"," ","999.9","010000"
"72060600198","2019-04-01","32.701","-80.003","5.2","CHARLESTON EXECUTIVE AIRPORT, SC US","  56.1","24","  36.0","24","9999.9"," 0","020.6","24"," 10.0","24"," 10.2","24"," 15.0"," 21.0","  66.2","*","  50.0","*","99.99"," ","999.9","010000"
"72060600198","2019-04-02","32.701","-80.003","5.2","CHARLESTON EXECUTIVE AIRPORT, SC US","  50.0","24","  46.0","24","9999.9"," 0","018.6","24","  6.4","24"," 11.3","24"," 19.0"," 28.9","  57.2","*","  44.6","*","99.99"," ","999.9","010000"
"72060600198","2019-04-03","32.701","-80.003","5.2","CHARLESTON EXECUTIVE AIRPORT, SC US","  51.4","24","  42.6","24","9999.9"," 0","025.1","24","  9.5","24","  3.4","24"," 11.1"," 14.0","  66.2","*","  37.4","*"," 0.00","I","999.9","000000"
"72060600198","2019-04-04","32.701","-80.003","5.2","CHARLESTON EXECUTIVE AIRPORT, SC US","  57.1","24","  47.0","24","9999.9"," 0","027.8","24","  9.5","23","  3.5","24","  8.9","999.9","  69.8","*","  44.6","*"," 0.00","I","999.9","000000"
"72060600198","2019-04-05","32.701","-80.003","5.2","CHARLESTON EXECUTIVE AIRPORT, SC US","  67.2","23","  61.2","23","9999.9"," 0","019.8","23","  8.5","23","  6.1","23","  9.9"," 15.9","  77.0","*","  60.8","*","99.99"," ","999.9","010000"
"72060600198","2019-04-06","32.701","-80.003","5.2","CHARLESTON EXECUTIVE AIRPORT, SC US","  63.4","24","  60.7","24","9999.9"," 0","020.0","24","  4.9","24","  2.5","24","  8.0","999.9","  73.4","*","  57.2","*","99.99"," ","999.9","110000"
"72060600198","2019-04-07","32.701","-80.003","5.2","CHARLESTON EXECUTIVE AIRPORT, SC US","  65.5","24","  64.0","24","9999.9"," 0","022.1","24","  6.8","24","  3.8","24"," 13.0"," 14.0","  71.6","*","  62.6","*","99.99"," ","999.9","010000"
"72060600198","2019-04-08","32.701","-80.003","5.2","CHARLESTON EXECUTIVE AIRPORT, SC US","  68.5","24","  66.2","24","9999.9"," 0","018.0","24","  5.3","24","  5.4","24"," 15.9"," 24.1","  78.8","*","  60.8","*"," 0.00","I","999.9","100000"
"72060600198","2019-04-09","32.701","-80.003","5.2","CHARLESTON EXECUTIVE AIRPORT, SC US","  70.7","24","  67.9","24","9999.9"," 0","010.1","24","  7.3","24","  6.7","24"," 12.0"," 17.1","  80.6","*","  68.0","*","99.99"," ","999.9","010000"
"72060600198","2019-04-10","32.701","-80.003","5.2","CHARLESTON EXECUTIVE AIRPORT, SC US","  67.8","24","  64.4","24","9999.9"," 0","007.9","24","  6.2","24","  5.1","24"," 17.1"," 22.0","  78.8","*","  60.8","*","99.99"," ","999.9","110000"
"72060600198","2019-04-11","32.701","-80.003","5.2","CHARLESTON EXECUTIVE AIRPORT, SC US","  68.2","24","  62.3","24","9999.9"," 0","013.8","24","  6.9","24","  6.5","24"," 14.0"," 21.0","  78.8","*","  59.0","*"," 0.00","I","999.9","000000"
"72060600198","2019-04-12","32.701","-80.003","5.2","CHARLESTON EXECUTIVE AIRPORT, SC US","  72.8","24","  68.9","24","9999.9"," 0","016.8","24","  5.3","24","  8.0","24"," 14.0"," 21.0","  78.8","*","  68.0","*","99.99"," ","999.9","010000"
"72060600198","2019-04-13","32.701","-80.003","5.2","CHARLESTON EXECUTIVE AIRPORT, SC US","  73.7","24","  70.2","24","9999.9"," 0","017.1","24","  5.5","24","  4.1","24"," 12.0"," 14.0","  80.6","*","  68.0","*"," 0.00","I","999.9","000000"
"72060600198","2019-04-14","32.701","-80.003","5.2","CHARLESTON EXECUTIVE AIRPORT, SC US","  74.3","24","  71.4","24","9999.9"," 0","012.6","24","  5.2","24","  9.0","24"," 18.1"," 28.0","  78.8","*","  69.8","*"," 0.00","I","999.9","000000"
"72060600198","2019-04-15","32.701","-80.003","5.2","CHARLESTON EXECUTIVE AIRPORT, SC US","  69.8","24","  54.7","24","9999.9"," 0","009.1","24","  6.9","24"," 13.8","24"," 22.0"," 28.9","  75.2","*","  60.8","*"," 0.00","I","999.9","000000"
"72060600198","2019-04-16","32.701","-80.003","5.2","CHARLESTON EXECUTIVE AIRPORT, SC US","  59.3","24","  44.1","24","9999.9"," 0","021.5","24","  9.1","24","  5.8","24","  9.9"," 15.9","  66.2","*","  48.2","*"," 0.00","I","999.9","000000"
"72060600198","2019-04-17","32.701","-80.003","5.2","CHARLESTON EXECUTIVE AIRPORT, SC US","  61.8","24","  52.4","24","9999.9"," 0","021.1","24","  8.5","24","  3.0","23","  9.9"," 13.0","  75.2","*","  50.0","*"," 0.00","I","999.9","000000"
"72060600198","2019-04-18","32.701","-80.003","5.2","CHARLESTON EXECUTIVE AIRPORT, SC US","  70.1","24","  62.0","24","9999.9"," 0","017.0","24","  7.7","24","  5.3","24"," 13.0"," 19.0","  78.8","*","  59.0","*"," 0.00","I","999.9","000000"
"72060600198","2019-04-19","32.701","-80.003","5.2","CHARLESTON EXECUTIVE AIRPORT, SC US","  71.8","24","  69.0","24","9999.9"," 0","008.5","24","  3.1","24"," 12.7","24"," 22.9"," 42.0","  78.8","*","  66.2","*","99.99"," ","999.9","010010"
"72060600198","2019-04-20","32.701","-80.003","5.2","CHARLESTON EXECUTIVE AIRPORT, SC US","  62.8","24","  50.1","24","9999.9"," 0","007.3","24","  7.2","24"," 11.2","24"," 22.0"," 31.1","  69.8","*","  51.8","*"," 0.00","I","999.9","000000"
"72060600198","2019-04-21","32.701","-80.003","5.2","CHARLESTON EXECUTIVE AIRPORT, SC US","  59.0","24","  45.8","24","9999.9"," 0","015.8","24","  8.3","24","  5.6","24"," 14.0"," 18.1","  69.8","*","  46.4","*"," 0.00","I","999.9","000000"
"72060600198","2019-04-22","32.701","-80.003","5.2","CHARLESTON EXECUTIVE AIRPORT, SC US","  60.8","24","  49.3","24","9999.9"," 0","020.7","24","  8.0","24","  2.7","24"," 11.1"," 13.0","  75.2","*","  48.2","*"," 0.00","I","999.9","000000"
"72060600198","2019-04-23","32.701","-80.003","5.2","CHARLESTON EXECUTIVE AIRPORT, SC US","  66.1","24","  55.8","24","9999.9"," 0","019.6","24","  8.0","24","  4.2","24"," 13.0"," 17.1","  78.8","*","  55.4","*"," 0.00","I","999.9","000000"
"72060600198","2019-04-24","32.701","-80.003","5.2","CHARLESTON EXECUTIVE AIRPORT, SC US","  73.1","24","  61.1","24","9999.9"," 0","015.2","24"," 10.0","24","  7.1","24"," 12.0"," 17.1","  86.0","*","  64.4","*"," 0.00","I","999.9","000000"
"72060600198","2019-04-25","32.701","-80.003","5.2","CHARLESTON EXECUTIVE AIRPORT, SC US","  72.4","24","  62.1","24","9999.9"," 0","014.0","24"," 10.0","24","  6.6","24"," 15.0"," 17.1","  82.4","*","  60.8","*"," 0.00","I","999.9","000000"
"72060600198","2019-04-26","32.701","-80.003","5.2","CHARLESTON EXECUTIVE AIRPORT, SC US","  74.5","24","  64.6","24","9999.9"," 0","008.5","24","  9.9","24"," 10.4","24"," 20.0"," 31.1","  82.4","*","  69.8","*"," 0.00","I","999.9","000000"
"72060600198","2019-04-27","32.701","-80.003","5.2","CHARLESTON EXECUTIVE AIRPORT, SC US","  65.2","24","  46.4","24","9999.9"," 0","013.7","24"," 10.0","24","  4.8","24"," 13.0"," 17.1","  75.2","*","  50.0","*"," 0.00","I","999.9","000000"
"72060600198","2019-04-28","32.701","-80.003","5.2","CHARLESTON EXECUTIVE AIRPORT, SC US","  70.2","24","  57.6","24","9999.9"," 0","016.1","24"," 10.0","24","  6.8","24"," 15.9"," 20.0","  78.8","*","  62.6","*"," 0.00","I","999.9","000000"
"72060600198","2019-04-29","32.701","-80.003","5.2","CHARLESTON EXECUTIVE AIRPORT, SC US","  72.2","24","  66.3","24","9999.9"," 0","021.1","14","  8.5","24","  4.3","24"," 11.1"," 13.0","  80.6","*","  62.6","*"," 0.00","I","999.9","100000"
"72060600198","2019-04-30","32.701","-80.003","5.2","CHARLESTON EXECUTIVE AIRPORT, SC US","  72.7","24","  65.8","24","9999.9"," 0","024.1","23","  9.8","24","  3.5","24"," 11.1"," 15.0","  80.6","*","  60.8","*"," 0.00","I","999.9","000000"
"72060600198","2019-05-01","32.701","-80.003","5.2","CHARLESTON EXECUTIVE AIRPORT, SC US","  72.7","22","  68.0","22","9999.9"," 0","024.3","18","  8.7","22","  2.6","22","  9.9"," 12.0","  80.6","*","  66.2","*"," 0.00","I","999.9","100000"
"72060600198","2019-05-02","32.701","-80.003","5.2","CHARLESTON EXECUTIVE AIRPORT, SC US","  72.7","24","  66.2","24","9999.9"," 0","022.7","24","  9.5","24","  4.2","24","  9.9"," 13.0","  80.6","*","  62.6","*"," 0.00","I","999.9","000000"
"72060600198","2019-05-03","32.701","-80.003","5.2","CHARLESTON EXECUTIVE AIRPORT, SC US","  75.4","24","  71.6","24","9999.9"," 0","017.0","24","  8.3","24","  6.0","24"," 11.1","999.9","  82.4","*","  71.6","*"," 0.00","I","999.9","000000"
"72060600198","2019-05-04","32.701","-80.003","5.2","CHARLESTON EXECUTIVE AIRPORT, SC US","  75.2","24","  72.0","24","9999.9"," 0","012.6","24","  7.6","24","  4.1","24"," 12.0"," 15.0","  84.2","*","  68.0","*","99.99"," ","999.9","110000"
"72060600198","2019-05-05","32.701","-80.003","5.2","CHARLESTON EXECUTIVE AIRPORT, SC US","  76.6","24","  72.0","24","9999.9"," 0","008.9","24","  7.8","24"," 10.3","24"," 15.0"," 22.9","  84.2","*","  73.4","*","99.99"," ","999.9","010010"
"72060600198","2019-05-06","32.701","-80.003","5.2","CHARLESTON EXECUTIVE AIRPORT, SC US","  73.4","24","  68.5","24","9999.9"," 0","012.0","24","  8.8","24","  5.5","24"," 13.0"," 18.1","  78.8","*","  66.2","*"," 0.00","I","999.9","100000"
"72060600198","2019-05-07","32.701","-80.003","5.2","CHARLESTON EXECUTIVE AIRPORT, SC US","  73.2","24","  67.9","24","9999.9"," 0","018.9","24","  9.5","24","  7.3","24"," 12.0"," 15.0","  78.8","*","  69.8","*"," 0.00","I","999.9","000000"
"72060600198","2019-05-08","32.701","-80.003","5.2","CHARLESTON EXECUTIVE AIRPORT, SC US","  73.3","24","  66.5","24","9999.9"," 0","019.5","24","  9.6","24","  4.6","24"," 11.1"," 14.0","  80.6","*","  64.4","*"," 0.00","I","999.9","000000"
"72060600198","2019-05-09","32.701","-80.003","5.2","CHARLESTON EXECUTIVE AIRPORT, SC US","  72.8","24","  66.1","24","9999.9"," 0","019.0","24","  9.3","24","  5.6","24"," 13.0"," 19.0","  78.8","*","  68.0","*","99.99"," ","999.9","010000"
"72060600198","2019-05-10","32.701","-80.003","5.2","CHARLESTON EXECUTIVE AIRPORT, SC US","  74.8","24","  64.9","24","9999.9"," 0","018.3","24","  9.8","24","  4.3","24","  8.0"," 13.0","  80.6","*","  64.4","*"," 0.00","I","999.9","000000"
"72060600198","2019-05-11","32.701","-80.003","5.2","CHARLESTON EXECUTIVE AIRPORT, SC US","  75.8","24","  68.1","24","9999.9"," 0","016.1","24"," 10.0","24","  5.6","24"," 12.0"," 15.9","  82.4","*","  68.0","*"," 0.00","I","999.9","000000"
"72060600198","2019-05-12","32.701","-80.003","5.2","CHARLESTON EXECUTIVE AIRPORT, SC US","  76.8","24","  72.7","24","9999.9"," 0","011.0","24","  7.7","24","  6.8","24"," 14.0"," 20.0","  84.2","*","  68.0","*","99.99"," ","999.9","010010"
"72060600198","2019-05-13","32.701","-80.003","5.2","CHARLESTON EXECUTIVE AIRPORT, SC US","  74.6","24","  69.7","24","9999.9"," 0","008.4","24","  8.8","24","  6.8","24"," 14.0"," 19.0","  82.4","*","  69.8","*","99.99"," ","999.9","010000"
"72060600198","2019-05-14","32.701","-80.003","5.2","CHARLESTON EXECUTIVE AIRPORT, SC US","  70.5","24","  53.0","24","9999.9"," 0","011.4","24","  9.6","24","  6.9","24"," 12.0"," 14.0","  78.8","*","  62.6","*"," 0.00","I","999.9","000000"
"72060600198","2019-05-15","32.701","-80.003","5.2","CHARLESTON EXECUTIVE AIRPORT, SC US","  65.4","24","  50.2","24","9999.9"," 0","016.0","24"," 10.0","24","  4.2","24","  9.9"," 15.0","  73.4","*","  53.6","*"," 0.00","I","999.9","000000"
"72060600198","2019-05-16","32.701","-80.003","5.2","CHARLESTON EXECUTIVE AIRPORT, SC US","  70.0","24","  60.5","24","9999.9"," 0","016.5","24"," 10.0","24","  5.4","24"," 18.1"," 22.0","  78.8","*","  60.8","*","99.99"," ","999.9","010000"
"72060600198","2019-05-17","32.701","-80.003","5.2","CHARLESTON EXECUTIVE AIRPORT, SC US","  77.2","24","  68.5","24","9999.9"," 0","015.1","24","  9.5","24","  8.9","24"," 15.0"," 18.1","  84.2","*","  73.4","*"," 0.00","I","999.9","000000"
"72060600198","2019-05-18","32.701","-80.003","5.2","CHARLESTON EXECUTIVE AIRPORT, SC US","  78.3","24","  70.6","24","9999.9"," 0","015.6","24","  8.3","24","  7.5","24"," 12.0"," 15.0","  84.2","*","  73.4","*"," 0.00","I","999.9","000000"
"72060600198","2019-05-19","32.701","-80.003","5.2","CHARLESTON EXECUTIVE AIRPORT, SC US","  76.8","24","  70.5","24","9999.9"," 0","017.6","24","  9.2","24","  6.0","24"," 12.0"," 15.0","  84.2","*","  68.0","*"," 0.00","I","999.9","000000"
"72060600198","2019-05-20","32.701","-80.003","5.2","CHARLESTON EXECUTIVE AIRPORT, SC US","  77.7","24","  71.3","24","9999.9"," 0","016.5","24","  8.9","24","  6.8","24"," 14.0"," 15.9","  84.2","*","  69.8","*"," 0.00","I","999.9","000000"
"72060600198","2019-05-21","32.701","-80.003","5.2","CHARLESTON EXECUTIVE AIRPORT, SC US","  80.6","24","  73.2","24","9999.9"," 0","013.7","24","  8.2","24","  6.7","24"," 12.0"," 14.0","  89.6","*","  75.2","*"," 0.00","I","999.9","000000"
"72060600198","2019-05-22","32.701","-80.003","5.2","CHARLESTON EXECUTIVE AIRPORT, SC US","  79.0","24","  73.7","24","9999.9"," 0","018.0","24","  7.8","24","  4.6","24"," 13.0"," 18.1","  86.0","*","  73.4","*"," 0.00","I","999.9","000000"
"72060600198","2019-05-23","32.701","-80.003","5.2","CHARLESTON EXECUTIVE AIRPORT, SC US","  78.5","24","  71.0","24","9999.9"," 0","023.1","24","  8.8","24","  5.0","24"," 12.0"," 17.1","  84.2","*","  71.6","*"," 0.00","I","999.9","000000"
"72060600198","2019-05-24","32.701","-80.003","5.2","CHARLESTON EXECUTIVE AIRPORT, SC US","  81.1","24","  71.2","24","9999.9"," 0","020.1","24","  9.4","24","  6.2","24"," 11.1"," 15.0","  95.0","*","  71.6","*"," 0.00","I","999.9","000000"
"72060600198","2019-05-25","32.701","-80.003","5.2","CHARLESTON EXECUTIVE AIRPORT, SC US","  83.1","24","  73.2","24","9999.9"," 0","018.4","24","  8.5","24","  3.8","24","  9.9"," 12.0","  95.0","*","  71.6","*"," 0.00","I","999.9","000000"
"72060600198","2019-05-26","32.701","-80.003","5.2","CHARLESTON EXECUTIVE AIRPORT, SC US","  84.2","24","  74.6","24","9999.9"," 0","018.5","24","  7.5","24","  4.7","24"," 13.0"," 17.1","  96.8","*","  77.0","*"," 0.00","I","999.9","000000"
"72060600198","2019-05-27","32.701","-80.003","5.2","CHARLESTON EXECUTIVE AIRPORT, SC US","  86.4","24","  70.3","24","9999.9"," 0","015.1","24","  8.1","24","  6.0","24"," 13.0"," 22.0"," 100.4","*","  73.4","*"," 0.00","I","999.9","000000"
"72060600198","2019-05-28","32.701","-80.003","5.2","CHARLESTON EXECUTIVE AIRPORT, SC US","  85.9","24","  70.2","24","9999.9"," 0","012.7","24","  8.5","24","  4.8","23"," 14.0"," 18.1"," 100.4","*","  73.4","*"," 0.00","I","999.9","000000"
"72060600198","2019-05-29","32.701","-80.003","5.2","CHARLESTON EXECUTIVE AIRPORT, SC US","  85.2","24","  72.4","24","9999.9"," 0","012.2","24","  8.0","24","  6.5","24"," 17.1"," 22.0","  95.0","*","  75.2","*"," 0.00","I","999.9","000000"
"72060600198","2019-05-30","32.701","-80.003","5.2","CHARLESTON EXECUTIVE AIRPORT, SC US","  84.8","24","  74.0","24","9999.9"," 0","012.7","24","  7.5","24"," 10.6","24"," 17.1"," 19.0","  91.4","*","  80.6","*"," 0.00","I","999.9","000000"
"72060600198","2019-05-31","32.701","-80.003","5.2","CHARLESTON EXECUTIVE AIRPORT, SC US","  83.4","24","  74.1","24","9999.9"," 0","011.8","22","  6.7","24","  9.0","24"," 15.9"," 22.0","  89.6","*","  78.8","*","99.99"," ","999.9","010010"
"72060600198","2019-06-01","32.701","-80.003","5.2","CHARLESTON EXECUTIVE AIRPORT, SC US","  81.3","24","  66.0","24","9999.9"," 0","010.2","20","  8.5","24","  7.5","24"," 14.0"," 21.0","  91.4","*","  69.8","*"," 0.00","I","999.9","000000"
"72060600198","2019-06-02","32.701","-80.003","5.2","CHARLESTON EXECUTIVE AIRPORT, SC US","  82.7","24","  67.0","24","9999.9"," 0","009.5","24","  8.9","24","  4.9","24"," 15.0"," 17.1","  96.8","*","  71.6","*"," 0.00","I","999.9","000000"
"72060600198","2019-06-03","32.701","-80.003","5.2","CHARLESTON EXECUTIVE AIRPORT, SC US","  82.7","24","  69.2","24","9999.9"," 0","011.2","24","  7.1","24","  4.7","24"," 11.1"," 14.0","  96.8","*","  69.8","*"," 0.00","I","999.9","000000"
"72060600198","2019-06-04","32.701","-80.003","5.2","CHARLESTON EXECUTIVE AIRPORT, SC US","  80.0","24","  74.4","24","9999.9"," 0","017.0","24","  5.2","24","  8.8","24"," 15.9"," 20.0","  84.2","*","  77.0","*","99.99"," ","999.9","010010"
"72060600198","2019-06-05","32.701","-80.003","5.2","CHARLESTON EXECUTIVE AIRPORT, SC US","  78.0","24","  74.2","24","9999.9"," 0","017.1","24","  4.0","24","  7.5","24"," 15.9"," 20.0","  86.0","*","  68.0","*","99.99"," ","999.9","010000"
"72060600198","2019-06-06","32.701","-80.003","5.2","CHARLESTON EXECUTIVE AIRPORT, SC US","  75.6","24","  74.0","24","9999.9"," 0","013.4","24","  4.4","24","  2.5","24"," 12.0"," 22.9","  80.6","*","  71.6","*","99.99"," ","999.9","010010"
"72060600198","2019-06-07","32.701","-80.003","5.2","CHARLESTON EXECUTIVE AIRPORT, SC US","  76.6","24","  74.3","24","9999.9"," 0","010.7","24","  5.7","24","  3.4","24"," 12.0"," 17.1","  82.4","*","  71.6","*","99.99"," ","999.9","010010"
"72060600198","2019-06-08","32.701","-80.003","5.2","CHARLESTON EXECUTIVE AIRPORT, SC US","  79.9","24","  75.8","24","9999.9"," 0","010.4","24","  6.2","24","  5.5","24"," 12.0"," 14.0","  86.0","*","  73.4","*","99.99"," ","999.9","010010"
"72060600198","2019-06-09","32.701","-80.003","5.2","CHARLESTON EXECUTIVE AIRPORT, SC US","  78.5","24","  75.1","24","9999.9"," 0","013.4","24","  5.5","24","  5.5","24"," 15.9","999.9","  84.2","*","  71.6","*","99.99"," ","999.9","010010"
"72060600198","2019-06-10","32.701","-80.003","5.2","CHARLESTON EXECUTIVE AIRPORT, SC US","  79.6","24","  74.8","24","9999.9"," 0","014.1","24","  7.0","24","  6.8","24"," 14.0"," 18.1","  86.0","*","  73.4","*","99.99"," ","999.9","010000"
"72060600198","2019-06-11","32.701","-80.003","5.2","CHARLESTON EXECUTIVE AIRPORT, SC US","  79.3","24","  73.8","24","9999.9"," 0","014.0","24","  8.0","24","  4.5","24","  9.9"," 13.0","  84.2","*","  75.2","*"," 0.00","I","999.9","000000"
"72060600198","2019-06-12","32.701","-80.003","5.2","CHARLESTON EXECUTIVE AIRPORT, SC US","  76.0","24","  73.1","24","9999.9"," 0","014.0","24","  6.4","24","  7.0","24"," 12.0"," 18.1","  78.8","*","  73.4","*","99.99"," ","999.9","010010"
"72060600198","2019-06-13","32.701","-80.003","5.2","CHARLESTON EXECUTIVE AIRPORT, SC US","  75.9","24","  69.6","24","9999.9"," 0","012.9","24","  8.4","24","  6.0","24"," 13.0","999.9","  84.2","*","  69.8","*","99.99"," ","999.9","010010"
"72060600198","2019-06-14","32.701","-80.003","5.2","CHARLESTON EXECUTIVE AIRPORT, SC US","  74.2","24","  60.1","24","9999.9"," 0","018.7","24"," 10.0","24","  5.1","24"," 12.0"," 15.9","  82.4","*","  66.2","*"," 0.00","I","999.9","000000"
"72060600198","2019-06-15","32.701","-80.003","5.2","CHARLESTON EXECUTIVE AIRPORT, SC US","  71.8","24","  63.5","24","9999.9"," 0","021.5","24","  9.9","24","  3.1","24","  8.9"," 13.0","  84.2","*","  59.0","*"," 0.00","I","999.9","000000"
"72060600198","2019-06-16","32.701","-80.003","5.2","CHARLESTON EXECUTIVE AIRPORT, SC US","  79.2","24","  73.1","24","9999.9"," 0","018.1","24","  9.5","24","  4.1","24"," 12.0"," 14.0","  87.8","*","  69.8","*","99.99"," ","999.9","010000"
"72060600198","2019-06-17","32.701","-80.003","5.2","CHARLESTON EXECUTIVE AIRPORT, SC US","  81.1","24","  75.0","24","9999.9"," 0","017.6","24","  9.8","24","  5.8","24"," 14.0"," 17.1","  87.8","*","  71.6","*","99.99"," ","999.9","010010"
"72060600198","2019-06-18","32.701","-80.003","5.2","CHARLESTON EXECUTIVE AIRPORT, SC US","  80.9","24","  74.7","24","9999.9"," 0","016.2","24","  9.8","24","  6.0","24","  9.9"," 13.0","  84.2","*","  75.2","*","99.99"," ","999.9","010000"
"72060600198","2019-06-19","32.701","-80.003","5.2","CHARLESTON EXECUTIVE AIRPORT, SC US","  81.5","24","  75.6","24","9999.9"," 0","012.2","24","  8.8","24","  6.9","24"," 15.0"," 20.0","  87.8","*","  77.0","*","99.99"," ","999.9","010010"
"72060600198","2019-06-20","32.701","-80.003","5.2","CHARLESTON EXECUTIVE AIRPORT, SC US","  82.9","24","  75.9","24","9999.9"," 0","010.1","24","  8.5","24"," 10.3","24"," 18.1"," 25.1","  91.4","*","  77.0","*"," 0.00","I","999.9","000000"
"72060600198","2019-06-21","32.701","-80.003","5.2","CHARLESTON EXECUTIVE AIRPORT, SC US","  81.9","24","  71.5","24","9999.9"," 0","012.7","24","  8.7","24","  9.4","24"," 27.0"," 35.9","  95.0","*","  71.6","*","99.99"," ","999.9","010010"
"72060600198","2019-06-22","32.701","-80.003","5.2","CHARLESTON EXECUTIVE AIRPORT, SC US","  82.1","24","  73.0","24","9999.9"," 0","015.7","24","  9.2","24","  4.3","21"," 20.0"," 28.9","  96.8","*","  71.6","*","99.99"," ","999.9","010010"
"72060600198","2019-06-23","32.701","-80.003","5.2","CHARLESTON EXECUTIVE AIRPORT, SC US","  78.5","24","  71.9","24","9999.9"," 0","016.2","24","  8.9","24","  2.2","22","  8.9","999.9","  91.4","*","  71.6","*","99.99"," ","999.9","010000"
"72060600198","2019-06-24","32.701","-80.003","5.2","CHARLESTON EXECUTIVE AIRPORT, SC US","  82.3","24","  74.7","24","9999.9"," 0","014.3","24","  9.4","24","  4.5","20"," 12.0"," 15.9","  93.2","*","  73.4","*"," 0.00","I","999.9","000000"
"72060600198","2019-06-25","32.701","-80.003","5.2","CHARLESTON EXECUTIVE AIRPORT, SC US","  85.5","24","  74.2","24","9999.9"," 0","014.0","24","  8.5","24","  5.7","24"," 11.1"," 15.9","  95.0","*","  75.2","*"," 0.00","I","999.9","000000"
"72060600198","2019-06-26","32.701","-80.003","5.2","CHARLESTON EXECUTIVE AIRPORT, SC US","  81.4","24","  70.0","24","9999.9"," 0","017.6","24","  9.9","23","  1.7","21","  7.0","  9.9","  93.2","*","  69.8","*"," 0.00","I","999.9","000000"
"72060600198","2019-06-27","32.701","-80.003","5.2","CHARLESTON EXECUTIVE AIRPORT, SC US","  80.9","24","  71.6","24","9999.9"," 0","019.9","24","  9.8","24","  3.1","24","  9.9"," 13.0","  89.6","*","  71.6","*"," 0.00","I","999.9","000000"
"72060600198","2019-06-28","32.701","-80.003","5.2","CHARLESTON EXECUTIVE AIRPORT, SC US","  79.9","24","  72.7","24","9999.9"," 0","021.1","22","  9.5","24","  4.3","24"," 11.1"," 14.0","  86.0","*","  71.6","*"," 0.00","I","999.9","000000"
"72060600198","2019-06-29","32.701","-80.003","5.2","CHARLESTON EXECUTIVE AIRPORT, SC US","  79.6","24","  74.1","24","9999.9"," 0","020.5","24","  8.9","24","  2.7","24"," 11.1"," 13.0","  86.0","*","  73.4","*","99.99"," ","999.9","010000"
"72060600198","2019-06-30","32.701","-80.003","5.2","CHARLESTON EXECUTIVE AIRPORT, SC US","  82.1","24","  73.9","24","9999.9"," 0","017.2","24","  9.3","24","  3.5","24"," 13.0"," 15.9","  93.2","*","  73.4","*"," 0.00","I","999.9","000000"
"72060600198","2019-07-01","32.701","-80.003","5.2","CHARLESTON EXECUTIVE AIRPORT, SC US","  86.5","24","  75.8","24","9999.9"," 0","013.7","24","  9.8","24","  5.5","24","  9.9"," 13.0","  98.6","*","  77.0","*"," 0.00","I","999.9","000000"
"72060600198","2019-07-02","32.701","-80.003","5.2","CHARLESTON EXECUTIVE AIRPORT, SC US","  85.2","24","  77.6","24","9999.9"," 0","013.5","24","  9.1","24","  2.1","24","  8.0"," 15.9","  95.0","*","  78.8","*","99.99"," ","999.9","010000"
"72060600198","2019-07-03","32.701","-80.003","5.2","CHARLESTON EXECUTIVE AIRPORT, SC US","  85.8","24","  79.0","24","9999.9"," 0","012.5","24","  8.0","24","  3.2","24"," 13.0"," 17.1","  93.2","*","  78.8","*"," 0.00","I","999.9","000000"
"72060600198","2019-07-04","32.701","-80.003","5.2","CHARLESTON EXECUTIVE AIRPORT, SC US","  82.8","24","  77.5","24","9999.9"," 0","014.2","24","  8.0","24","  3.9","24"," 13.0"," 14.0","  91.4","*","  75.2","*","99.99"," ","999.9","010000"
"72060600198","2019-07-05","32.701","-80.003","5.2","CHARLESTON EXECUTIVE AIRPORT, SC US","  81.1","24","  76.3","24","9999.9"," 0","018.0","24","  6.9","24","  6.6","24"," 13.0"," 19.0","  87.8","*","  75.2","*","99.99"," ","999.9","010010"
"72060600198","2019-07-06","32.701","-80.003","5.2","CHARLESTON EXECUTIVE AIRPORT, SC US","  80.0","24","  76.0","24","9999.9"," 0","018.1","24","  7.3","24","  2.5","24"," 12.0"," 17.1","  87.8","*","  73.4","*","99.99"," ","999.9","010010"
"72060600198","2019-07-07","32.701","-80.003","5.2","CHARLESTON EXECUTIVE AIRPORT, SC US","  82.2","24","  76.1","24","9999.9"," 0","014.6","24","  8.9","24","  4.8","24"," 13.0"," 15.9","  87.8","*","  75.2","*","99.99"," ","999.9","010000"
"72060600198","2019-07-08","32.701","-80.003","5.2","CHARLESTON EXECUTIVE AIRPORT, SC US","  84.5","24","  77.5","24","9999.9"," 0","011.5","24","  7.8","24","  7.6","24"," 13.0"," 18.1","  89.6","*","  80.6","*"," 0.00","I","999.9","000000"
"72060600198","2019-07-09","32.701","-80.003","5.2","CHARLESTON EXECUTIVE AIRPORT, SC US","  83.8","24","  78.4","24","9999.9"," 0","013.3","24","  7.0","24","  4.5","24","  8.9"," 11.1","  89.6","*","  80.6","*","99.99"," ","999.9","010010"
"72060600198","2019-07-10","32.701","-80.003","5.2","CHARLESTON EXECUTIVE AIRPORT, SC US","  80.9","24","  77.9","24","9999.9"," 0","015.6","24","  7.6","24","  2.5","24"," 11.1"," 15.9","  87.8","*","  77.0","*","99.99"," ","999.9","010010"
"72060600198","2019-07-11","32.701","-80.003","5.2","CHARLESTON EXECUTIVE AIRPORT, SC US","  83.1","24","  76.6","24","9999.9"," 0","014.7","24","  9.3","24","  5.5","24"," 14.0"," 21.0","  89.6","*","  73.4","*","99.99"," ","999.9","010010"
"72060600198","2019-07-12","32.701","-80.003","5.2","CHARLESTON EXECUTIVE AIRPORT, SC US","  84.5","24","  75.9","24","9999.9"," 0","013.6","24","  9.8","24","  8.2","24"," 12.0"," 17.1","  89.6","*","  78.8","*"," 0.00","I","999.9","000000"
"72060600198","2019-07-13","32.701","-80.003","5.2","CHARLESTON EXECUTIVE AIRPORT, SC US","  84.4","24","  74.5","24","9999.9"," 0","016.0","24","  9.9","24","  6.4","24"," 18.1"," 22.9","  93.2","*","  77.0","*"," 0.00","I","999.9","000000"
"72060600198","2019-07-14","32.701","-80.003","5.2","CHARLESTON EXECUTIVE AIRPORT, SC US","  83.2","24","  73.0","24","9999.9"," 0","018.1","23","  9.5","24","  6.7","24"," 13.0"," 17.1","  96.8","*","  75.2","*","99.99"," ","999.9","010000"
"72060600198","2019-07-15","32.701","-80.003","5.2","CHARLESTON EXECUTIVE AIRPORT, SC US","  84.3","24","  75.8","24","9999.9"," 0","017.7","22","  9.7","24","  1.3","24"," 11.1","999.9","  93.2","*","  75.2","*","99.99"," ","999.9","010010"
"72060600198","2019-07-16","32.701","-80.003","5.2","CHARLESTON EXECUTIVE AIRPORT, SC US","  84.3","24","  77.8","24","9999.9"," 0","018.5","24","  9.3","24","  1.5","24","  7.0","999.9","  95.0","*","  77.0","*","99.99"," ","999.9","010010"
"72060600198","2019-07-17","32.701","-80.003","5.2","CHARLESTON EXECUTIVE AIRPORT, SC US","  85.2","24","  79.7","24","9999.9"," 0","018.1","23","  7.7","24","  4.1","24"," 11.1"," 19.0","  91.4","*","  78.8","*","99.99"," ","999.9","010000"
"72060600198","2019-07-18","32.701","-80.003","5.2","CHARLESTON EXECUTIVE AIRPORT, SC US","  84.8","24","  76.6","24","9999.9"," 0","016.6","24","  8.6","24","  6.6","24"," 14.0"," 18.1","  93.2","*","  78.8","*","99.99"," ","999.9","010010"
"72060600198","2019-07-19","32.701","-80.003","5.2","CHARLESTON EXECUTIVE AIRPORT, SC US","  82.2","24","  76.4","24","9999.9"," 0","017.1","24","  8.1","24","  5.1","24"," 19.0"," 28.0","  91.4","*","  71.6","*","99.99"," ","999.9","010010"
"72060600198","2019-07-20","32.701","-80.003","5.2","CHARLESTON EXECUTIVE AIRPORT, SC US","  82.4","24","  74.2","24","9999.9"," 0","017.2","24","  9.6","24","  5.1","24"," 11.1"," 14.0","  89.6","*","  71.6","*"," 0.00","I","999.9","000000"
"72060600198","2019-07-21","32.701","-80.003","5.2","CHARLESTON EXECUTIVE AIRPORT, SC US","  86.1","24","  76.8","24","9999.9"," 0","016.6","24","  9.5","24","  6.5","24"," 12.0"," 17.1","  93.2","*","  80.6","*"," 0.00","I","999.9","000000"
"72060600198","2019-07-22","32.701","-80.003","5.2","CHARLESTON EXECUTIVE AIRPORT, SC US","  85.2","24","  75.1","24","9999.9"," 0","016.2","24","  9.9","24","  7.0","24"," 13.0"," 15.9","  91.4","*","  78.8","*"," 0.00","I","999.9","000000"
"72060600198","2019-07-23","32.701","-80.003","5.2","CHARLESTON EXECUTIVE AIRPORT, SC US","  84.3","24","  75.6","24","9999.9"," 0","012.7","24","  9.5","24","  8.9","24"," 15.9"," 21.0","  89.6","*","  77.0","*","99.99"," ","999.9","010000"
"72060600198","2019-07-24","32.701","-80.003","5.2","CHARLESTON EXECUTIVE AIRPORT, SC US","  75.5","24","  70.1","24","9999.9"," 0","012.5","24","  8.0","24","  5.2","24"," 12.0"," 17.1","  82.4","*","  69.8","*","99.99"," ","999.9","010010"
"72060600198","2019-07-25","32.701","-80.003","5.2","CHARLESTON EXECUTIVE AIRPORT, SC US","  77.4","24","  67.4","24","9999.9"," 0","016.4","24","  9.4","23","  3.7","24"," 11.1"," 17.1","  86.0","*","  69.8","*"," 0.00","I","999.9","000000"
"72060600198","2019-07-26","32.701","-80.003","5.2","CHARLESTON EXECUTIVE AIRPORT, SC US","  78.2","24","  71.2","24","9999.9"," 0","020.7","24","  9.3","24","  6.6","21"," 13.0"," 19.0","  86.0","*","  71.6","*"," 0.00","I","999.9","000000"
"72060600198","2019-07-27","32.701","-80.003","5.2","CHARLESTON EXECUTIVE AIRPORT, SC US","  80.1","24","  69.3","24","9999.9"," 0","022.4","24","  9.0","24","  7.8","24"," 14.0"," 17.1","  84.2","*","  75.2","*"," 0.00","I","999.9","000000"
"72060600198","2019-07-28","32.701","-80.003","5.2","CHARLESTON EXECUTIVE AIRPORT, SC US","  77.7","24","  67.8","24","9999.9"," 0","021.6","24","  9.6","24","  5.1","20","  9.9"," 14.0","  86.0","*","  69.8","*"," 0.00","I","999.9","000000"
"72060600198","2019-07-29","32.701","-80.003","5.2","CHARLESTON EXECUTIVE AIRPORT, SC US","  77.1","24","  67.2","24","9999.9"," 0","018.7","24","  9.6","24","  4.6","16","  9.9"," 14.0","  86.0","*","  68.0","*"," 0.00","I","999.9","000000"
"72060600198","2019-07-30","32.701","-80.003","5.2","CHARLESTON EXECUTIVE AIRPORT, SC US","  78.8","24","  73.1","24","9999.9"," 0","017.1","23","  9.5","24","  4.9","18","  9.9"," 13.0","  86.0","*","  71.6","*","99.99"," ","999.9","010000"
"72060600198","2019-07-31","32.701","-80.003","5.2","CHARLESTON EXECUTIVE AIRPORT, SC US","  81.3","23","  74.0","23","9999.9"," 0","017.2","22","  9.7","22","  3.1","20","  8.9","999.9","  89.6","*","  71.6","*"," 0.00","I","999.9","000000"
"72060600198","2019-08-01","32.701","-80.003","5.2","CHARLESTON EXECUTIVE AIRPORT, SC US","  81.7","24","  74.2","24","9999.9"," 0","017.5","24","  9.8","23","  3.6","20","  8.0"," 12.0","  89.6","*","  73.4","*"," 0.00","I","999.9","000000"
"72060600198","2019-08-02","32.701","-80.003","5.2","CHARLESTON EXECUTIVE AIRPORT, SC US","  78.6","24","  74.7","24","9999.9"," 0","016.8","24","  8.6","24","  5.1","16","  8.0"," 11.1","  82.4","*","  75.2","*","99.99"," ","999.9","010000"
"72060600198","2019-08-03","32.701","-80.003","5.2","CHARLESTON EXECUTIVE AIRPORT, SC US","  78.3","24","  74.7","24","9999.9"," 0","014.4","24","  8.3","23","  4.3","24","  9.9"," 15.0","  84.2","*","  75.2","*","99.99"," ","999.9","010000"
"72060600198","2019-08-04","32.701","-80.003","5.2","CHARLESTON EXECUTIVE AIRPORT, SC US","  79.0","24","  74.9","24","9999.9"," 0","014.0","24","  8.6","24","  1.9","24"," 14.0","999.9","  87.8","*","  73.4","*","99.99"," ","999.9","010000"
"72060600198","2019-08-05","32.701","-80.003","5.2","CHARLESTON EXECUTIVE AIRPORT, SC US","  78.5","24","  74.3","24","9999.9"," 0","013.6","24","  7.4","24","  2.0","24"," 11.1"," 18.1","  89.6","*","  73.4","*","99.99"," ","999.9","110000"
"72060600198","2019-08-06","32.701","-80.003","5.2","CHARLESTON EXECUTIVE AIRPORT, SC US","  79.0","24","  73.4","24","9999.9"," 0","013.2","24","  9.2","24","  3.8","24"," 12.0"," 15.9","  87.8","*","  69.8","*","99.99"," ","999.9","010000"
"72060600198","2019-08-07","32.701","-80.003","5.2","CHARLESTON EXECUTIVE AIRPORT, SC US","  84.0","24","  77.2","24","9999.9"," 0","012.4","24","  8.1","24","  7.1","24"," 14.0"," 18.1","  91.4","*","  78.8","*","99.99"," ","999.9","010000"
"72060600198","2019-08-08","32.701","-80.003","5.2","CHARLESTON EXECUTIVE AIRPORT, SC US","  84.9","24","  76.9","24","9999.9"," 0","011.4","24","  7.4","24","  6.5","24"," 15.0"," 20.0","  95.0","*","  77.0","*"," 0.00","I","999.9","000000"
"72060600198","2019-08-09","32.701","-80.003","5.2","CHARLESTON EXECUTIVE AIRPORT, SC US","  86.2","24","  75.8","24","9999.9"," 0","011.2","24","  8.4","24","  4.8","24"," 12.0"," 17.1","  96.8","*","  77.0","*"," 0.00","I","999.9","000000"
"72060600198","2019-08-10","32.701","-80.003","5.2","CHARLESTON EXECUTIVE AIRPORT, SC US","  87.0","24","  78.7","24","9999.9"," 0","011.6","24","  6.7","24","  3.6","24","  9.9","999.9","  96.8","*","  77.0","*"," 0.00","I","999.9","100000"
"72060600198","2019-08-11","32.701","-80.003","5.2","CHARLESTON EXECUTIVE AIRPORT, SC US","  83.4","24","  77.9","24","9999.9"," 0","012.8","23","  6.4","24","  2.9","24","  8.9","999.9","  91.4","*","  77.0","*","99.99"," ","999.9","010000"
"72060600198","2019-08-12","32.701","-80.003","5.2","CHARLESTON EXECUTIVE AIRPORT, SC US","  83.1","24","  78.3","24","9999.9"," 0","013.1"," 4","  6.0","24","  3.6","24"," 11.1"," 14.0","  89.6","*","  78.8","*"," 0.00","I","999.9","000000"
"72060600198","2019-08-13","32.701","-80.003","5.2","CHARLESTON EXECUTIVE AIRPORT, SC US","  83.8","24","  77.2","24","9999.9"," 0","012.7","23","  8.0","24","  2.9","24"," 11.1"," 14.0","  91.4","*","  75.2","*"," 0.00","I","999.9","000000"
"72060600198","2019-08-14","32.701","-80.003","5.2","CHARLESTON EXECUTIVE AIRPORT, SC US","  84.3","24","  78.2","24","9999.9"," 0","011.8","24","  6.7","24","  6.2","24"," 18.1"," 24.1","  93.2","*","  73.4","*","99.99"," ","999.9","010010"
"72060600198","2019-08-15","32.701","-80.003","5.2","CHARLESTON EXECUTIVE AIRPORT, SC US","  82.3","24","  77.2","24","9999.9"," 0","012.6","24","  8.9","24","  4.3","24"," 13.0"," 17.1","  91.4","*","  75.2","*","99.99"," ","999.9","010000"
"72060600198","2019-08-16","32.701","-80.003","5.2","CHARLESTON EXECUTIVE AIRPORT, SC US","  82.3","24","  78.0","24","9999.9"," 0","013.9","24","  8.1","24","  7.4","24"," 15.0"," 19.0","  86.0","*","  77.0","*","99.99"," ","999.9","010000"
"72060600198","2019-08-17","32.701","-80.003","5.2","CHARLESTON EXECUTIVE AIRPORT, SC US","  80.4","24","  77.0","24","9999.9"," 0","014.3","24","  7.2","24","  7.7","24"," 13.0"," 22.0","  84.2","*","  75.2","*","99.99"," ","999.9","010010"
"72060600198","2019-08-18","32.701","-80.003","5.2","CHARLESTON EXECUTIVE AIRPORT, SC US","  79.5","24","  76.1","24","9999.9"," 0","016.6","24","  9.0","24","  5.6","24"," 11.1"," 13.0","  86.0","*","  75.2","*","99.99"," ","999.9","010000"
"72060600198","2019-08-19","32.701","-80.003","5.2","CHARLESTON EXECUTIVE AIRPORT, SC US","  81.6","24","  76.2","24","9999.9"," 0","017.5","24","  9.3","24","  4.7","24"," 12.0"," 15.0","  87.8","*","  75.2","*"," 0.00","I","999.9","000000"
"72060600198","2019-08-20","32.701","-80.003","5.2","CHARLESTON EXECUTIVE AIRPORT, SC US","  83.0","24","  75.8","24","9999.9"," 0","019.2","24","  9.1","24","  4.5","24","  8.9"," 14.0","  89.6","*","  75.2","*"," 0.00","I","999.9","000000"
"72060600198","2019-08-21","32.701","-80.003","5.2","CHARLESTON EXECUTIVE AIRPORT, SC US","  83.7","24","  76.2","24","9999.9"," 0","018.6","24","  9.9","24","  5.2","24"," 13.0"," 15.9","  89.6","*","  77.0","*"," 0.00","I","999.9","000000"
"72060600198","2019-08-22","32.701","-80.003","5.2","CHARLESTON EXECUTIVE AIRPORT, SC US","  83.7","24","  76.5","24","9999.9"," 0","017.7","24","  9.7","24","  4.6","24"," 11.1","999.9","  91.4","*","  78.8","*"," 0.00","I","999.9","000000"
"72060600198","2019-08-23","32.701","-80.003","5.2","CHARLESTON EXECUTIVE AIRPORT, SC US","  84.3","24","  76.4","24","9999.9"," 0","016.6","24","  9.9","24","  5.1","24"," 11.1","999.9","  89.6","*","  75.2","*"," 0.00","I","999.9","000000"
"72060600198","2019-08-24","32.701","-80.003","5.2","CHARLESTON EXECUTIVE AIRPORT, SC US","  81.1","24","  74.9","24","9999.9"," 0","015.7","24"," 10.0","24","  2.9","24","  7.0","  9.9","  87.8","*","  75.2","*","99.99"," ","999.9","010000"
"72060600198","2019-08-25","32.701","-80.003","5.2","CHARLESTON EXECUTIVE AIRPORT, SC US","  76.0","24","  71.4","24","9999.9"," 0","016.0","24","  8.3","24","  7.2","24"," 11.1"," 15.9","  82.4","*","  69.8","*","99.99"," ","999.9","010000"
"72060600198","2019-08-26","32.701","-80.003","5.2","CHARLESTON EXECUTIVE AIRPORT, SC US","  75.5","24","  67.3","24","9999.9"," 0","016.2","24","  9.5","24","  7.7","24"," 12.0"," 17.1","  84.2","*","  69.8","*"," 0.00","I","999.9","000000"
"72060600198","2019-08-27","32.701","-80.003","5.2","CHARLESTON EXECUTIVE AIRPORT, SC US","  77.8","24","  71.0","24","9999.9"," 0","015.0","24","  9.8","24","  2.5","24","  8.0","999.9","  86.0","*","  69.8","*"," 0.00","I","999.9","000000"
"72060600198","2019-08-28","32.701","-80.003","5.2","CHARLESTON EXECUTIVE AIRPORT, SC US","  79.9","24","  75.3","24","9999.9"," 0","012.1","24","  9.5","24","  1.3","24","  8.0"," 14.0","  86.0","*","  75.2","*","99.99"," ","999.9","010000"
"72060600198","2019-08-29","32.701","-80.003","5.2","CHARLESTON EXECUTIVE AIRPORT, SC US","  80.2","24","  72.1","24","9999.9"," 0","013.9","24","  9.5","24","  5.3","23"," 13.0"," 17.1","  87.8","*","  73.4","*"," 0.00","I","999.9","000000"
"72060600198","2019-08-30","32.701","-80.003","5.2","CHARLESTON EXECUTIVE AIRPORT, SC US","  79.3","24","  73.2","24","9999.9"," 0","016.9","24","  8.7","24","  5.8","24"," 15.0"," 21.0","  87.8","*","  73.4","*"," 0.00","I","999.9","000000"
"72060600198","2019-08-31","32.701","-80.003","5.2","CHARLESTON EXECUTIVE AIRPORT, SC US","  79.5","24","  76.0","24","9999.9"," 0","018.4","23","  7.0","24","  7.9","24"," 13.0"," 19.0","  80.6","*","  75.2","*","99.99"," ","999.9","010010"
"72060600198","2019-09-01","32.701","-80.003","5.2","CHARLESTON EXECUTIVE AIRPORT, SC US","  80.8","24","  76.5","24","9999.9"," 0","017.7","20","  7.5","24","  7.3","24"," 17.1"," 20.0","  87.8","*","  77.0","*","99.99"," ","999.9","010010"
"72060600198","2019-09-02","32.701","-80.003","5.2","CHARLESTON EXECUTIVE AIRPORT, SC US","  79.0","24","  75.8","24","9999.9"," 0","015.2","24","  6.4","24","  7.5","24"," 18.1"," 19.0","  86.0","*","  75.2","*","99.99"," ","999.9","010000"
"72060600198","2019-09-03","32.701","-80.003","5.2","CHARLESTON EXECUTIVE AIRPORT, SC US","  79.8","24","  75.6","24","9999.9"," 0","013.4","24","  7.7","24","  7.1","24"," 15.0"," 22.0","  87.8","*","  75.2","*"," 0.00","I","999.9","000000"
"72060600198","2019-09-04","32.701","-80.003","5.2","CHARLESTON EXECUTIVE AIRPORT, SC US","  79.2","24","  76.4","24","9999.9"," 0","011.1","24","  5.2","24"," 11.0","24"," 25.1"," 34.0","  80.6","*","  73.4","*","99.99"," ","999.9","010000"
"72060600198","2019-09-05","32.701","-80.003","5.2","CHARLESTON EXECUTIVE AIRPORT, SC US","  76.1"," 6","  74.6"," 6","9999.9"," 0","005.1"," 6","  1.5"," 6"," 19.5"," 6"," 27.0"," 40.0","  77.0","*","  75.2","*","99.99"," ","999.9","010000"
"72060600198","2019-09-08","32.701","-80.003","5.2","CHARLESTON EXECUTIVE AIRPORT, SC US","  82.4","24","  78.4","24","9999.9"," 0","014.4","24","  9.0","24","  6.0","24","  9.9"," 13.0","  87.8","*","  78.8","*"," 0.00","I","999.9","000000"
"72060600198","2019-09-09","32.701","-80.003","5.2","CHARLESTON EXECUTIVE AIRPORT, SC US","  82.7","24","  79.7","24","9999.9"," 0","018.3","24","  8.6","24","  4.7","24","  8.0"," 13.0","  87.8","*","  78.8","*"," 0.00","I","999.9","000000"
"72060600198","2019-09-10","32.701","-80.003","5.2","CHARLESTON EXECUTIVE AIRPORT, SC US","  82.4","24","  78.6","24","9999.9"," 0","022.0","24","  8.0","24","  2.7","24","  8.9"," 12.0","  87.8","*","  77.0","*"," 0.00","I","999.9","000000"
"72060600198","2019-09-11","32.701","-80.003","5.2","CHARLESTON EXECUTIVE AIRPORT, SC US","  80.8","24","  75.9","24","9999.9"," 0","022.5","24","  8.6","24","  3.8","24"," 11.1"," 15.9","  87.8","*","  75.2","*"," 0.00","I","999.9","000000"
"72060600198","2019-09-12","32.701","-80.003","5.2","CHARLESTON EXECUTIVE AIRPORT, SC US","  79.6","24","  73.0","24","9999.9"," 0","019.5","24","  8.9","24","  3.7","24","  9.9"," 14.0","  87.8","*","  71.6","*"," 0.00","I","999.9","100000"
"72060600198","2019-09-13","32.701","-80.003","5.2","CHARLESTON EXECUTIVE AIRPORT, SC US","  77.9","24","  72.2","24","9999.9"," 0","019.7","24","  9.6","24","  4.2","24"," 12.0"," 15.0","  86.0","*","  69.8","*"," 0.00","I","999.9","000000"
"72060600198","2019-09-14","32.701","-80.003","5.2","CHARLESTON EXECUTIVE AIRPORT, SC US","  79.8","24","  74.7","24","9999.9"," 0","020.7","24","  9.6","24","  7.7","24"," 14.0"," 20.0","  86.0","*","  75.2","*"," 0.00","I","999.9","000000"
"72060600198","2019-09-15","32.701","-80.003","5.2","CHARLESTON EXECUTIVE AIRPORT, SC US","  80.4","24","  75.3","24","9999.9"," 0","017.9","24"," 10.0","24","  7.7","24"," 18.1"," 22.9","  87.8","*","  75.2","*"," 0.00","I","999.9","000000"
"72060600198","2019-09-16","32.701","-80.003","5.2","CHARLESTON EXECUTIVE AIRPORT, SC US","  81.3","24","  73.9","24","9999.9"," 0","014.7","24","  9.5","24","  7.3","24"," 12.0"," 15.9","  91.4","*","  75.2","*"," 0.00","I","999.9","000000"
"72060600198","2019-09-17","32.701","-80.003","5.2","CHARLESTON EXECUTIVE AIRPORT, SC US","  79.4","24","  70.2","24","9999.9"," 0","013.2","24","  9.7","24","  4.4","24","  8.9"," 12.0","  91.4","*","  69.8","*"," 0.00","I","999.9","000000"
"72060600198","2019-09-18","32.701","-80.003","5.2","CHARLESTON EXECUTIVE AIRPORT, SC US","  78.1","24","  68.5","24","9999.9"," 0","016.0","24"," 10.0","24","  7.2","24"," 15.0"," 20.0","  80.6","*","  73.4","*"," 0.00","I","999.9","000000"
"72060600198","2019-09-19","32.701","-80.003","5.2","CHARLESTON EXECUTIVE AIRPORT, SC US","  72.8","24","  59.1","24","9999.9"," 0","020.2","24"," 10.0","24","  7.8","24"," 12.0"," 17.1","  78.8","*","  64.4","*"," 0.00","I","999.9","000000"
"72060600198","2019-09-20","32.701","-80.003","5.2","CHARLESTON EXECUTIVE AIRPORT, SC US","  71.8","24","  62.7","24","9999.9"," 0","022.9","24","  9.5","24","  8.2","24"," 14.0"," 20.0","  80.6","*","  62.6","*"," 0.00","I","999.9","000000"
"72060600198","2019-09-21","32.701","-80.003","5.2","CHARLESTON EXECUTIVE AIRPORT, SC US","  73.2","24","  63.6","24","9999.9"," 0","024.4","24"," 10.0","24","  3.6","24"," 11.1"," 15.0","  82.4","*","  62.6","*"," 0.00","I","999.9","000000"
"72060600198","2019-09-22","32.701","-80.003","5.2","CHARLESTON EXECUTIVE AIRPORT, SC US","  72.6","24","  64.2","24","9999.9"," 0","022.3","24"," 10.0","24","  3.0","24","  8.9"," 13.0","  82.4","*","  64.4","*"," 0.00","I","999.9","000000"
"72060600198","2019-09-23","32.701","-80.003","5.2","CHARLESTON EXECUTIVE AIRPORT, SC US","  73.5","24","  65.3","24","9999.9"," 0","018.4","24","  9.9","24","  2.1","24","  8.0","  9.9","  84.2","*","  62.6","*"," 0.00","I","999.9","000000"
"72060600198","2019-09-24","32.701","-80.003","5.2","CHARLESTON EXECUTIVE AIRPORT, SC US","  76.5","24","  67.6","24","9999.9"," 0","012.4","24","  9.9","23","  2.2","24","  7.0","999.9","  91.4","*","  66.2","*"," 0.00","I","999.9","000000"
"72060600198","2019-09-25","32.701","-80.003","5.2","CHARLESTON EXECUTIVE AIRPORT, SC US","  78.5","24","  73.6","24","9999.9"," 0","011.3","24","  9.0","24","  3.5","24"," 11.1"," 14.0","  86.0","*","  69.8","*"," 0.00","I","999.9","000000"
"72060600198","2019-09-26","32.701","-80.003","5.2","CHARLESTON EXECUTIVE AIRPORT, SC US","  81.7","24","  75.0","24","9999.9"," 0","011.9","24","  9.0","24","  8.8","24"," 15.9"," 19.0","  87.8","*","  78.8","*"," 0.00","I","999.9","000000"
"72060600198","2019-09-27","32.701","-80.003","5.2","CHARLESTON EXECUTIVE AIRPORT, SC US","  81.7","24","  75.7","24","9999.9"," 0","014.4","24","  8.3","24","  7.6","24"," 12.0"," 15.0","  87.8","*","  78.8","*"," 0.00","I","999.9","000000"
"72060600198","2019-09-28","32.701","-80.003","5.2","CHARLESTON EXECUTIVE AIRPORT, SC US","  81.0","24","  72.4","24","9999.9"," 0","019.1","24","  9.9","24","  5.1","24","  8.0"," 12.0","  86.0","*","  75.2","*"," 0.00","I","999.9","000000"
"72060600198","2019-09-29","32.701","-80.003","5.2","CHARLESTON EXECUTIVE AIRPORT, SC US","  78.2","24","  70.5","24","9999.9"," 0","020.9","24","  9.7","24","  1.7","24","  7.0","999.9","  89.6","*","  69.8","*"," 0.00","I","999.9","000000"
"72060600198","2019-09-30","32.701","-80.003","5.2","CHARLESTON EXECUTIVE AIRPORT, SC US","  78.3","24","  72.4","24","9999.9"," 0","020.1","12","  9.5","24","  3.2","24"," 11.1"," 14.0","  89.6","*","  71.6","*"," 0.00","I","999.9","000000"
"72060600198","2019-10-01","32.701","-80.003","5.2","CHARLESTON EXECUTIVE AIRPORT, SC US","  79.7","24","  73.6","24","9999.9"," 0","018.3","24","  7.8","24","  5.2","24"," 11.1"," 14.0","  86.0","*","  73.4","*"," 0.00","I","999.9","000000"
"72060600198","2019-10-02","32.701","-80.003","5.2","CHARLESTON EXECUTIVE AIRPORT, SC US","  78.3","24","  71.5","24","9999.9"," 0","016.2","24","  8.4","24","  2.5","24","  8.0","999.9","  89.6","*","  69.8","*"," 0.00","I","999.9","000000"
"72060600198","2019-10-03","32.701","-80.003","5.2","CHARLESTON EXECUTIVE AIRPORT, SC US","  79.2","24","  72.3","24","9999.9"," 0","015.7","24","  9.2","24","  2.2","24","  9.9","999.9","  87.8","*","  71.6","*"," 0.00","I","999.9","000000"
"72060600198","2019-10-04","32.701","-80.003","5.2","CHARLESTON EXECUTIVE AIRPORT, SC US","  80.4","24","  74.1","24","9999.9"," 0","015.6","24","  8.9","24","  3.5","24"," 11.1"," 13.0","  89.6","*","  73.4","*"," 0.00","I","999.9","000000"
"72060600198","2019-10-05","32.701","-80.003","5.2","CHARLESTON EXECUTIVE AIRPORT, SC US","  76.8","24","  72.7","24","9999.9"," 0","017.8","24","  6.5","24","  9.0","24"," 19.0"," 25.1","  78.8","*","  73.4","*","99.99"," ","999.9","010000"
"72060600198","2019-10-06","32.701","-80.003","5.2","CHARLESTON EXECUTIVE AIRPORT, SC US","  74.1","24","  66.3","24","9999.9"," 0","020.8","24","  6.1","24","  8.7","24"," 15.0"," 19.0","  84.2","*","  68.0","*","99.99"," ","999.9","010000"
"72060600198","2019-10-07","32.701","-80.003","5.2","CHARLESTON EXECUTIVE AIRPORT, SC US","  74.7","24","  70.3","24","9999.9"," 0","017.8","24","  4.8","24","  6.4","24"," 11.1"," 15.9","  77.0","*","  71.6","*","99.99"," ","999.9","010000"
"72060600198","2019-10-08","32.701","-80.003","5.2","CHARLESTON EXECUTIVE AIRPORT, SC US","  75.2","24","  69.8","24","9999.9"," 0","013.9","24","  6.1","24","  5.8","24"," 14.0"," 17.1","  84.2","*","  71.6","*","99.99"," ","999.9","010000"
"72060600198","2019-10-09","32.701","-80.003","5.2","CHARLESTON EXECUTIVE AIRPORT, SC US","  68.8","24","  62.7","24","9999.9"," 0","017.4","24","  9.1","24","  8.4","24"," 13.0"," 15.9","  73.4","*","  64.4","*"," 0.00","I","999.9","000000"
"72060600198","2019-10-10","32.701","-80.003","5.2","CHARLESTON EXECUTIVE AIRPORT, SC US","  68.5","24","  61.8","24","9999.9"," 0","018.7","17","  9.0","24","  6.1","24"," 11.1"," 15.9","  75.2","*","  62.6","*"," 0.00","I","999.9","000000"
"72060600198","2019-10-11","32.701","-80.003","5.2","CHARLESTON EXECUTIVE AIRPORT, SC US","  68.6","24","  59.3","24","9999.9"," 0","018.8","24","  9.2","24","  4.5","24","  9.9"," 12.0","  77.0","*","  60.8","*"," 0.00","I","999.9","000000"
"72060600198","2019-10-12","32.701","-80.003","5.2","CHARLESTON EXECUTIVE AIRPORT, SC US","  68.0","24","  58.6","24","9999.9"," 0","017.0","24","  9.3","24","  2.9","24","  9.9","999.9","  80.6","*","  57.2","*"," 0.00","I","999.9","000000"
"72060600198","2019-10-13","32.701","-80.003","5.2","CHARLESTON EXECUTIVE AIRPORT, SC US","  71.3"," 6","  63.5"," 6","9999.9"," 0","016.8"," 6","  9.8"," 6","  4.0"," 6","  6.0","999.9","  71.6","*","  66.2","*"," 0.00","I","999.9","000000"
"72060600198","2019-10-14","32.701","-80.003","5.2","CHARLESTON EXECUTIVE AIRPORT, SC US","  75.5","24","  69.6","24","9999.9"," 0","016.8","24","  8.2","24","  4.5","24","  9.9"," 12.0","  84.2","*","  69.8","*","99.99"," ","999.9","010000"
"72060600198","2019-10-15","32.701","-80.003","5.2","CHARLESTON EXECUTIVE AIRPORT, SC US","  70.7","24","  67.9","24","9999.9"," 0","017.8","24","  6.3","24","  1.9","24","  8.0","999.9","  77.0","*","  68.0","*","99.99"," ","999.9","010000"
"72060600198","2019-10-16","32.701","-80.003","5.2","CHARLESTON EXECUTIVE AIRPORT, SC US","  72.9","24","  69.8","24","9999.9"," 0","009.8","24","  3.9","24","  5.2","24"," 13.0"," 20.0","  82.4","*","  68.0","*","99.99"," ","999.9","010000"
"72060600198","2019-10-17","32.701","-80.003","5.2","CHARLESTON EXECUTIVE AIRPORT, SC US","  63.5","24","  51.3","24","9999.9"," 0","011.0","24","  8.8","24","  4.4","24","  8.9"," 15.0","  73.4","*","  51.8","*"," 0.00","I","999.9","000000"
"72060600198","2019-10-18","32.701","-80.003","5.2","CHARLESTON EXECUTIVE AIRPORT, SC US","  59.5","24","  48.5","24","9999.9"," 0","014.5","24","  8.2","24","  3.1","24","  9.9"," 15.0","  69.8","*","  51.8","*"," 0.00","I","999.9","000000"
"72060600198","2019-10-19","32.701","-80.003","5.2","CHARLESTON EXECUTIVE AIRPORT, SC US","  65.0","24","  61.0","24","9999.9"," 0","014.2","24","  6.2","24","  5.4","24"," 15.0"," 31.1","  73.4","*","  57.2","*","99.99"," ","999.9","010000"
"72060600198","2019-10-20","32.701","-80.003","5.2","CHARLESTON EXECUTIVE AIRPORT, SC US","  72.6","24","  68.3","24","9999.9"," 0","007.5","24","  4.6","24"," 11.3","24"," 17.1"," 27.0","  77.0","*","  64.4","*","99.99"," ","999.9","010000"
"72060600198","2019-10-21","32.701","-80.003","5.2","CHARLESTON EXECUTIVE AIRPORT, SC US","  66.9","24","  63.5","24","9999.9"," 0","015.6","24","  7.1","24","  3.0","24","  8.9","  9.9","  77.0","*","  59.0","*"," 0.00","I","999.9","100000"
"72060600198","2019-10-22","32.701","-80.003","5.2","CHARLESTON EXECUTIVE AIRPORT, SC US","  76.7","24","  72.6","24","9999.9"," 0","013.1","24","  5.4","24","  6.8","24"," 12.0"," 18.1","  84.2","*","  71.6","*","99.99"," ","999.9","010000"
"72060600198","2019-10-23","32.701","-80.003","5.2","CHARLESTON EXECUTIVE AIRPORT, SC US","  66.4","24","  49.7","24","9999.9"," 0","017.2","24","  8.8","24","  5.4","24"," 11.1"," 15.0","  75.2","*","  53.6","*"," 0.00","I","999.9","000000"
"72060600198","2019-10-24","32.701","-80.003","5.2","CHARLESTON EXECUTIVE AIRPORT, SC US","  64.5","24","  56.8","24","9999.9"," 0","022.5","24","  8.5","24","  5.9","24"," 15.0"," 19.0","  77.0","*","  55.4","*"," 0.00","I","999.9","000000"
"72060600198","2019-10-25","32.701","-80.003","5.2","CHARLESTON EXECUTIVE AIRPORT, SC US","  72.4","24","  66.1","24","9999.9"," 0","022.0","24","  7.2","24","  6.0","24"," 13.0"," 15.9","  78.8","*","  66.2","*"," 0.00","I","999.9","000000"
"72060600198","2019-10-26","32.701","-80.003","5.2","CHARLESTON EXECUTIVE AIRPORT, SC US","  75.1","24","  70.4","24","9999.9"," 0","017.7","24","  6.2","24","  7.2","24"," 11.1"," 18.1","  82.4","*","  69.8","*","99.99"," ","999.9","010000"
"72060600198","2019-10-27","32.701","-80.003","5.2","CHARLESTON EXECUTIVE AIRPORT, SC US","  77.5","24","  75.1","24","9999.9"," 0","013.0","24","  3.4","24","  8.6","24"," 14.0"," 20.0","  80.6","*","  75.2","*","99.99"," ","999.9","010000"
"72060600198","2019-10-28","32.701","-80.003","5.2","CHARLESTON EXECUTIVE AIRPORT, SC US","  74.0","24","  68.8","24","9999.9"," 0","016.2","24","  5.1","24","  2.6","24","  7.0","999.9","  82.4","*","  64.4","*"," 0.00","I","999.9","100000"
"72060600198","2019-10-29","32.701","-80.003","5.2","CHARLESTON EXECUTIVE AIRPORT, SC US","  73.3","24","  71.4","24","9999.9"," 0","019.2","23","  5.5","24","  3.1","24","  8.9"," 12.0","  77.0","*","  69.8","*","99.99"," ","999.9","010000"
"72060600198","2019-10-30","32.701","-80.003","5.2","CHARLESTON EXECUTIVE AIRPORT, SC US","  72.5","24","  69.7","24","9999.9"," 0","019.8","24","  7.4","24","  5.0","24"," 11.1"," 15.0","  80.6","*","  68.0","*","99.99"," ","999.9","010000"
"72060600198","2019-10-31","32.701","-80.003","5.2","CHARLESTON EXECUTIVE AIRPORT, SC US","  78.9","24","  75.4","24","9999.9"," 0","015.5","22","  9.3","24","  8.5","24"," 15.0"," 21.0","  84.2","*","  77.0","*"," 0.00","I","999.9","000000"
"72060600198","2019-11-01","32.701","-80.003","5.2","CHARLESTON EXECUTIVE AIRPORT, SC US","  60.1","24","  46.8","24","9999.9"," 0","019.5","21"," 10.0","24","  9.5","24"," 18.1"," 31.1","  78.8","*","  46.4","*","99.99"," ","999.9","010010"
"72060600198","2019-11-02","32.701","-80.003","5.2","CHARLESTON EXECUTIVE AIRPORT, SC US","  56.8","24","  45.6","24","9999.9"," 0","020.5","24"," 10.0","24","  5.6","24","  9.9"," 12.0","  71.6","*","  48.2","*"," 0.00","I","999.9","000000"
"72060600198","2019-11-03","32.701","-80.003","5.2","CHARLESTON EXECUTIVE AIRPORT, SC US","  54.3","24","  40.9","24","9999.9"," 0","021.3","24"," 10.0","24","  5.1","24"," 13.0"," 19.0","  64.4","*","  44.6","*"," 0.00","I","999.9","000000"
"72060600198","2019-11-04","32.701","-80.003","5.2","CHARLESTON EXECUTIVE AIRPORT, SC US","  57.9","24","  48.8","24","9999.9"," 0","023.0","24"," 10.0","24","  5.5","24"," 11.1","999.9","  75.2","*","  46.4","*"," 0.00","I","999.9","000000"
"72060600198","2019-11-05","32.701","-80.003","5.2","CHARLESTON EXECUTIVE AIRPORT, SC US","  66.1","24","  62.8","24","9999.9"," 0","021.3","24","  9.6","24","  2.8","24","  7.0","999.9","  73.4","*","  62.6","*","99.99"," ","999.9","010000"
"72060600198","2019-11-06","32.701","-80.003","5.2","CHARLESTON EXECUTIVE AIRPORT, SC US","  66.4","24","  63.0","24","9999.9"," 0","024.0","24","  5.2","24","  5.0","24"," 15.0"," 18.1","  73.4","*","  62.6","*"," 0.00","I","999.9","100000"
"72060600198","2019-11-07","32.701","-80.003","5.2","CHARLESTON EXECUTIVE AIRPORT, SC US","  66.6","24","  63.0","24","9999.9"," 0","022.8","24","  7.5","24","  4.6","24","  8.0"," 13.0","  77.0","*","  62.6","*"," 0.00","I","999.9","000000"
"72060600198","2019-11-08","32.701","-80.003","5.2","CHARLESTON EXECUTIVE AIRPORT, SC US","  62.4","24","  57.0","24","9999.9"," 0","017.5","24","  7.4","24","  6.8","24"," 17.1"," 24.1","  68.0","*","  55.4","*","99.99"," ","999.9","010000"
"72060600198","2019-11-09","32.701","-80.003","5.2","CHARLESTON EXECUTIVE AIRPORT, SC US","  50.2","24","  36.7","24","9999.9"," 0","022.7","24"," 10.0","24","  8.8","24"," 12.0"," 19.0","  59.0","*","  41.0","*"," 0.00","I","999.9","000000"
"72060600198","2019-11-10","32.701","-80.003","5.2","CHARLESTON EXECUTIVE AIRPORT, SC US","  48.5","24","  38.7","24","9999.9"," 0","022.3","24","  9.9","24","  3.4","24","  7.0","999.9","  66.2","*","  35.6","*"," 0.00","I","999.9","000000"
"72060600198","2019-11-11","32.701","-80.003","5.2","CHARLESTON EXECUTIVE AIRPORT, SC US","  53.2","24","  44.5","24","9999.9"," 0","020.9","24"," 10.0","24","  1.5","22","  8.0","999.9","  69.8","*","  41.0","*"," 0.00","I","999.9","000000"
"72060600198","2019-11-12","32.701","-80.003","5.2","CHARLESTON EXECUTIVE AIRPORT, SC US","  63.4","24","  58.9","24","9999.9"," 0","013.9","24","  8.5","23","  5.4","23"," 18.1"," 28.9","  77.0","*","  46.4","*","99.99"," ","999.9","110000"
"72060600198","2019-11-13","32.701","-80.003","5.2","CHARLESTON EXECUTIVE AIRPORT, SC US","  40.2","23","  27.2","23","9999.9"," 0","024.1","23"," 10.0","23"," 11.4","23"," 19.0"," 28.0","  48.2","*","  30.2","*","99.99"," ","999.9","010000"
"72060600198","2019-11-14","32.701","-80.003","5.2","CHARLESTON EXECUTIVE AIRPORT, SC US","  44.3","24","  37.4","24","9999.9"," 0","024.9","24","  7.7","24","  9.1","24"," 15.0"," 19.0","  50.0","*","  39.2","*","99.99"," ","999.9","010000"
"72060600198","2019-11-15","32.701","-80.003","5.2","CHARLESTON EXECUTIVE AIRPORT, SC US","  49.1","24","  49.0","24","9999.9"," 0","018.1","24","  4.5","24","  9.5","24"," 14.0"," 17.1","  55.4","*","  46.4","*","99.99"," ","999.9","010000"
"72060600198","2019-11-16","32.701","-80.003","5.2","CHARLESTON EXECUTIVE AIRPORT, SC US","  50.0","24","  48.9","24","9999.9"," 0","011.5","24","  6.4","24"," 12.2","24"," 17.1"," 26.0","  53.6","*","  44.6","*","99.99"," ","999.9","010000"
"72060600198","2019-11-17","32.701","-80.003","5.2","CHARLESTON EXECUTIVE AIRPORT, SC US","  49.8","24","  43.4","24","9999.9"," 0","012.2","24","  9.3","24"," 13.6","24"," 18.1"," 28.0","  59.0","*","  46.4","*","99.99"," ","999.9","010000"
"72060600198","2019-11-18","32.701","-80.003","5.2","CHARLESTON EXECUTIVE AIRPORT, SC US","  51.5","24","  46.6","24","9999.9"," 0","010.3","24","  8.6","24","  4.8","24","  8.9"," 13.0","  57.2","*","  46.4","*","99.99"," ","999.9","010000"
"72060600198","2019-11-19","32.701","-80.003","5.2","CHARLESTON EXECUTIVE AIRPORT, SC US","  53.0","24","  47.5","24","9999.9"," 0","009.6"," 9","  8.5","24","  2.6","24"," 12.0"," 15.0","  62.6","*","  48.2","*"," 0.00","I","999.9","000000"
"72060600198","2019-11-20","32.701","-80.003","5.2","CHARLESTON EXECUTIVE AIRPORT, SC US","  50.7","24","  42.1","24","9999.9"," 0","016.6","24","  9.5","24","  4.4","24"," 11.1"," 13.0","  64.4","*","  41.0","*"," 0.00","I","999.9","000000"
"72060600198","2019-11-21","32.701","-80.003","5.2","CHARLESTON EXECUTIVE AIRPORT, SC US","  49.9","24","  41.7","24","9999.9"," 0","999.9"," 0","  9.3","24","  2.2","24","  7.0","999.9","  62.6","*","  39.2","*"," 0.00","I","999.9","000000"
"72060600198","2019-11-22","32.701","-80.003","5.2","CHARLESTON EXECUTIVE AIRPORT, SC US","  54.8","24","  49.0","24","9999.9"," 0","999.9"," 0","  9.5","24","  2.5","24"," 11.1"," 15.9","  71.6","*","  42.8","*"," 0.00","I","999.9","000000"
"72060600198","2019-11-23","32.701","-80.003","5.2","CHARLESTON EXECUTIVE AIRPORT, SC US","  61.5","24","  57.0","24","9999.9"," 0","012.9","12","  7.6","24","  3.9","24"," 13.0"," 20.0","  73.4","*","  53.6","*"," 0.00","I","999.9","100000"
"72060600198","2019-11-24","32.701","-80.003","5.2","CHARLESTON EXECUTIVE AIRPORT, SC US","  60.1","24","  50.8","24","9999.9"," 0","006.5"," 9","  9.4","24"," 10.3","24"," 18.1"," 25.1","  68.0","*","  48.2","*","99.99"," ","999.9","010000"
"72060600198","2019-11-25","32.701","-80.003","5.2","CHARLESTON EXECUTIVE AIRPORT, SC US","  48.7","24","  41.9","24","9999.9"," 0","999.9"," 0","  9.9","24","  2.1","24"," 11.1"," 13.0","  62.6","*","  37.4","*"," 0.00","I","999.9","000000"
"72060600198","2019-11-26","32.701","-80.003","5.2","CHARLESTON EXECUTIVE AIRPORT, SC US","  48.5","24","  41.3","24","9999.9"," 0","999.9"," 0","  9.6","24","  1.2","24","  7.0","999.9","  64.4","*","  35.6","*"," 0.00","I","999.9","000000"
"72060600198","2019-11-27","32.701","-80.003","5.2","CHARLESTON EXECUTIVE AIRPORT, SC US","  56.8","24","  51.1","24","9999.9"," 0","999.9"," 0","  9.5","24","  3.4","24"," 14.0"," 19.0","  71.6","*","  46.4","*"," 0.00","I","999.9","000000"
"72060600198","2019-11-28","32.701","-80.003","5.2","CHARLESTON EXECUTIVE AIRPORT, SC US","  61.8","24","  45.7","24","9999.9"," 0","019.9"," 6","  9.8","24","  6.7","24"," 12.0"," 15.0","  71.6","*","  46.4","*"," 0.00","I","999.9","000000"
"72060600198","2019-11-29","32.701","-80.003","5.2","CHARLESTON EXECUTIVE AIRPORT, SC US","  51.8","24","  38.5","24","9999.9"," 0","022.8","24","  9.9","24","  4.7","24","  8.9"," 14.0","  62.6","*","  46.4","*"," 0.00","I","999.9","000000"
"72060600198","2019-11-30","32.701","-80.003","5.2","CHARLESTON EXECUTIVE AIRPORT, SC US","  52.2","24","  45.5","24","9999.9"," 0","020.3"," 8","  9.7","24","  1.6","24","  7.0","999.9","  64.4","*","  42.8","*"," 0.00","I","999.9","000000"
"72060600198","2019-12-01","32.701","-80.003","5.2","CHARLESTON EXECUTIVE AIRPORT, SC US","  61.7","23","  59.6","23","9999.9"," 0","009.0","21","  7.8","23","  7.2","23"," 18.1"," 26.0","  69.8","*","  55.4","*","99.99"," ","999.9","010000"
"72060600198","2019-12-06","32.701","-80.003","5.2","CHARLESTON EXECUTIVE AIRPORT, SC US","  50.4","24","  44.7","24","9999.9"," 0","022.2","24","  9.5","23","  1.6","24","  6.0","999.9","  69.8","*","  35.6","*","99.99"," ","999.9","010000"
"72060600198","2019-12-07","32.701","-80.003","5.2","CHARLESTON EXECUTIVE AIRPORT, SC US","  56.8","24","  50.8","24","9999.9"," 0","022.4","24","  8.6","24","  4.6","24"," 11.1"," 13.0","  64.4","*","  51.8","*"," 0.00","I","999.9","000000"
"72060600198","2019-12-08","32.701","-80.003","5.2","CHARLESTON EXECUTIVE AIRPORT, SC US","  52.1","24","  43.4","24","9999.9"," 0","025.9","24","  9.6","24","  7.1","24"," 12.0"," 15.0","  62.6","*","  42.8","*"," 0.00","I","999.9","000000"
"72060600198","2019-12-09","32.701","-80.003","5.2","CHARLESTON EXECUTIVE AIRPORT, SC US","  56.9","24","  54.9","24","9999.9"," 0","020.6","24","  5.1","24","  3.8","24","  7.0","999.9","  69.8","*","  51.8","*"," 0.00","I","999.9","100000"
"72060600198","2019-12-10","32.701","-80.003","5.2","CHARLESTON EXECUTIVE AIRPORT, SC US","  67.8","24","  63.0","24","9999.9"," 0","017.6","24","  8.3","24","  7.6","24"," 17.1"," 20.0","  77.0","*","  62.6","*"," 0.00","I","999.9","000000"
"72060600198","2019-12-11","32.701","-80.003","5.2","CHARLESTON EXECUTIVE AIRPORT, SC US","  60.4","24","  54.3","24","9999.9"," 0","022.4","24","  8.5","24","  3.5","24"," 14.0"," 20.0","  71.6","*","  51.8","*","99.99"," ","999.9","010000"
"72060600198","2019-12-12","32.701","-80.003","5.2","CHARLESTON EXECUTIVE AIRPORT, SC US","  48.2","24","  32.8","24","9999.9"," 0","031.7","24","  9.7","24","  2.6","24","  8.9"," 15.9","  55.4","*","  42.8","*","99.99"," ","999.9","010000"
"72060600198","2019-12-13","32.701","-80.003","5.2","CHARLESTON EXECUTIVE AIRPORT, SC US","  49.5","24","  47.0","24","9999.9"," 0","020.3","24","  4.9","24","  0.0","24","  6.0"," 14.0","  51.8","*","  48.2","*","99.99"," ","999.9","010010"
"72060600198","2019-12-14","32.701","-80.003","5.2","CHARLESTON EXECUTIVE AIRPORT, SC US","  52.9","24","  49.7","24","9999.9"," 0","005.5","23","  5.6","24","  3.3","24"," 18.1"," 22.9","  59.0","*","  50.0","*","99.99"," ","999.9","110000"
"72060600198","2019-12-15","32.701","-80.003","5.2","CHARLESTON EXECUTIVE AIRPORT, SC US","  51.5","24","  44.0","24","9999.9"," 0","017.3","24","  8.5","24","  0.0","24","  5.1","  9.9","  64.4","*","  39.2","*"," 0.00","I","999.9","000000"
"72060600198","2019-12-16","32.701","-80.003","5.2","CHARLESTON EXECUTIVE AIRPORT, SC US","  53.7","24","  49.9","24","9999.9"," 0","021.9","24","  6.2","24","  0.0","24","999.9","999.9","  69.8","*","  41.0","*"," 0.00","I","999.9","000000"
"72060600198","2019-12-17","32.701","-80.003","5.2","CHARLESTON EXECUTIVE AIRPORT, SC US","  66.6","24","  65.6","24","9999.9"," 0","013.8","24","  4.3","23","  1.5","24"," 12.0"," 18.1","  71.6","*","  64.4","*","99.99"," ","999.9","110000"
"72060600198","2019-12-18","32.701","-80.003","5.2","CHARLESTON EXECUTIVE AIRPORT, SC US","  52.7","24","  41.0","24","9999.9"," 0","014.3","24","  9.4","24","  5.9","24"," 13.0"," 20.0","  66.2","*","  37.4","*"," 0.00","I","999.9","000000"
"72060600198","2019-12-19","32.701","-80.003","5.2","CHARLESTON EXECUTIVE AIRPORT, SC US","  38.7","24","  26.2","24","9999.9"," 0","026.8","24","  9.8","24","  1.4","24","  8.0"," 14.0","  50.0","*","  30.2","*"," 0.00","I","999.9","000000"
"72060600198","2019-12-20","32.701","-80.003","5.2","CHARLESTON EXECUTIVE AIRPORT, SC US","  42.4","24","  27.4","24","9999.9"," 0","031.8","24","  9.5","24","  1.3","24","  7.0"," 13.0","  55.4","*","  33.8","*"," 0.00","I","999.9","000000"
"72060600198","2019-12-21","32.701","-80.003","5.2","CHARLESTON EXECUTIVE AIRPORT, SC US","  50.1","24","  38.7","24","9999.9"," 0","030.5","24","  9.0","24","  2.0","24","  7.0"," 12.0","  55.4","*","  46.4","*"," 0.00","I","999.9","000000"
"72060600198","2019-12-22","32.701","-80.003","5.2","CHARLESTON EXECUTIVE AIRPORT, SC US","  50.2","24","  43.3","24","9999.9"," 0","025.7","24","  6.9","24","  1.9","24"," 11.1"," 19.0","  53.6","*","  46.4","*","99.99"," ","999.9","010000"
"72060600198","2019-12-23","32.701","-80.003","5.2","CHARLESTON EXECUTIVE AIRPORT, SC US","  60.1","24","  60.1","24","9999.9"," 0","012.2","24","  2.7","24","  2.2","24"," 11.1"," 22.9","  64.4","*","  53.6","*","99.99"," ","999.9","010000"
"72060600198","2019-12-24","32.701","-80.003","5.2","CHARLESTON EXECUTIVE AIRPORT, SC US","  63.8","24","  59.2","24","9999.9"," 0","007.6","24","  6.8","24","  6.6","24"," 22.9"," 40.0","  71.6","*","  59.0","*","99.99"," ","999.9","010010"
"72060600198","2019-12-25","32.701","-80.003","5.2","CHARLESTON EXECUTIVE AIRPORT, SC US","  54.1","24","  46.2","24","9999.9"," 0","017.6","24","  8.9","24","  1.4","24","  5.1"," 12.0","  62.6","*","  46.4","*"," 0.00","I","999.9","000000"
"72060600198","2019-12-26","32.701","-80.003","5.2","CHARLESTON EXECUTIVE AIRPORT, SC US","  57.8","24","  53.2","24","9999.9"," 0","021.2","24","  6.7","24","  0.2","24","  4.1","999.9","  71.6","*","  48.2","*"," 0.00","I","999.9","000000"
"72060600198","2019-12-27","32.701","-80.003","5.2","CHARLESTON EXECUTIVE AIRPORT, SC US","  66.1","24","  61.0","24","9999.9"," 0","023.1","24","  7.9","24","  0.0","24","999.9","999.9","  73.4","*","  60.8","*"," 0.00","I","999.9","000000"
"72060600198","2019-12-28","32.701","-80.003","5.2","CHARLESTON EXECUTIVE AIRPORT, SC US","  63.8","24","  61.0","24","9999.9"," 0","021.9","24","  8.3","24","  0.0","24","999.9","999.9","  73.4","*","  57.2","*","99.99"," ","999.9","010000"
"72060600198","2019-12-29","32.701","-80.003","5.2","CHARLESTON EXECUTIVE AIRPORT, SC US","  66.7","24","  65.8","24","9999.9"," 0","018.4","24","  5.8","24","  0.0","24","  5.1"," 17.1","  75.2","*","  62.6","*","99.99"," ","999.9","010000"
"72060600198","2019-12-30","32.701","-80.003","5.2","CHARLESTON EXECUTIVE AIRPORT, SC US","  67.3","24","  64.5","24","9999.9"," 0","011.3","23","  5.3","24","  4.6","24"," 12.0"," 19.0","  69.8","*","  59.0","*","99.99"," ","999.9","110000"
"72060600198","2019-12-31","32.701","-80.003","5.2","CHARLESTON EXECUTIVE AIRPORT, SC US","  55.5","24","  40.4","24","9999.9"," 0","013.1","23"," 10.0","24","  2.9","24"," 11.1"," 18.1","  62.6","*","  46.4","*"," 0.00","I","999.9","000000"
