"STATION","DATE","LATITUDE","LONGITUDE","ELEVATION","NAME","TEMP","TEMP_ATTRIBUTES","DEWP","DEWP_ATTRIBUTES","SLP","SLP_ATTRIBUTES","STP","STP_ATTRIBUTES","VISIB","VISIB_ATTRIBUTES","WDSP","WDSP_ATTRIBUTES","MXSPD","GUST","MAX","MAX_ATTRIBUTES","MIN","MIN_ATTRIBUTES","PRCP","PRCP_ATTRIBUTES","SNDP","FRSHTT"
"94510099999","2019-01-01","-26.413334","146.2625","305.71","CHARLEVILLE, AS","  90.5","24","  45.8","24","1007.5","16","973.8","16","  6.2"," 8","  8.8","24"," 14.0","999.9"," 102.4"," ","  78.6"," "," 0.00","G","999.9","000000"
"94510099999","2019-01-02","-26.413334","146.2625","305.71","CHARLEVILLE, AS","  90.8","24","  47.6","24","1006.8","16","973.1","16","  6.2"," 8","  8.0","24"," 17.1","999.9"," 102.4"," ","  79.2"," "," 0.00","G","999.9","000000"
"94510099999","2019-01-03","-26.413334","146.2625","305.71","CHARLEVILLE, AS","  91.0","24","  48.7","24","1008.0","16","974.3","16","  6.2"," 8","  8.6","24"," 14.0","999.9"," 101.8"," ","  80.1"," "," 0.00","G","999.9","000000"
"94510099999","2019-01-04","-26.413334","146.2625","305.71","CHARLEVILLE, AS","  86.9","24","  57.4","24","1009.4","15","975.6","15","  6.2"," 9","  8.2","24"," 38.1"," 49.9"," 101.8"," ","  73.4","*"," 0.57","G","999.9","010000"
"94510099999","2019-01-05","-26.413334","146.2625","305.71","CHARLEVILLE, AS","  90.2","24","  52.5","24","1007.7","16","974.0","16","  6.2"," 8","  6.3","24"," 15.0","999.9"," 101.3"," ","  71.1"," "," 0.00","G","999.9","000000"
"94510099999","2019-01-06","-26.413334","146.2625","305.71","CHARLEVILLE, AS","  87.7","24","  56.3","24","1008.2","14","974.5","14","  5.7","10","  7.6","24"," 24.1"," 31.1"," 102.6"," ","  75.2","*"," 0.00","G","999.9","000000"
"94510099999","2019-01-07","-26.413334","146.2625","305.71","CHARLEVILLE, AS","  88.9","24","  52.3","24","1008.0","16","974.3","16","  6.2"," 8","  9.4","24"," 13.0","999.9"," 100.2"," ","  75.4"," "," 0.00","G","999.9","000000"
"94510099999","2019-01-08","-26.413334","146.2625","305.71","CHARLEVILLE, AS","  89.2","24","  53.6","24","1006.8","16","973.1","16","  6.2"," 8","  7.0","24","  8.9","999.9"," 100.4","*","  78.1"," "," 0.00","G","999.9","000000"
"94510099999","2019-01-09","-26.413334","146.2625","305.71","CHARLEVILLE, AS","  89.0","24","  58.2","24","1007.9","16","974.2","16","  6.2"," 8","  8.4","24"," 14.0","999.9"," 101.3"," ","  78.4","*"," 0.00","G","999.9","000000"
"94510099999","2019-01-10","-26.413334","146.2625","305.71","CHARLEVILLE, AS","  90.2","24","  58.9","24","1010.0","16","976.2","16","  6.2"," 8","  8.3","24"," 12.0","999.9"," 102.6"," ","  78.1"," "," 0.00","G","999.9","000000"
"94510099999","2019-01-11","-26.413334","146.2625","305.71","CHARLEVILLE, AS","  90.8","24","  53.9","24","1011.6","16","977.8","16","  6.2"," 8","  8.4","24"," 14.0"," 22.0"," 101.5"," ","  79.7"," "," 0.00","G","999.9","000000"
"94510099999","2019-01-12","-26.413334","146.2625","305.71","CHARLEVILLE, AS","  90.7","24","  47.5","24","1011.7","16","977.8","16","  6.2"," 8","  6.6","24"," 13.0"," 21.0"," 103.5"," ","  73.4","*"," 0.00","G","999.9","000000"
"94510099999","2019-01-13","-26.413334","146.2625","305.71","CHARLEVILLE, AS","  93.6","24","  43.0","24","1010.6","16","976.8","16","  6.2"," 8","  9.9","24"," 17.1"," 29.9"," 105.8"," ","  73.8"," "," 0.00","G","999.9","000000"
"94510099999","2019-01-14","-26.413334","146.2625","305.71","CHARLEVILLE, AS","  90.1","24","  44.3","24","1011.1","16","977.3","16","  6.2"," 8","  8.5","24"," 13.0","999.9"," 102.6"," ","  77.9","*"," 0.00","G","999.9","000000"
"94510099999","2019-01-15","-26.413334","146.2625","305.71","CHARLEVILLE, AS","  91.1","24","  45.8","24","1009.9","16","976.1","16","  6.2"," 8","  7.0","24"," 12.0","999.9"," 104.0"," ","  76.6"," "," 0.00","G","999.9","000000"
"94510099999","2019-01-16","-26.413334","146.2625","305.71","CHARLEVILLE, AS","  92.5","24","  54.8","24","1007.7","16","974.0","16","  5.7"," 8","  6.7","24"," 28.9"," 49.0"," 108.9"," ","  79.2"," "," 0.14","G","999.9","000000"
"94510099999","2019-01-17","-26.413334","146.2625","305.71","CHARLEVILLE, AS","  94.5","24","  52.5","24","1007.8","14","974.1","14","  6.2","10","  9.9","24"," 15.9"," 26.0"," 107.4"," ","  81.0"," "," 0.00","G","999.9","000000"
"94510099999","2019-01-18","-26.413334","146.2625","305.71","CHARLEVILLE, AS","  91.4","24","  48.5","24","1010.3","16","976.5","16","  6.2"," 8","  7.5","24"," 11.1","999.9"," 104.2"," ","  80.6","*"," 0.00","G","999.9","000000"
"94510099999","2019-01-19","-26.413334","146.2625","305.71","CHARLEVILLE, AS","  92.8","24","  41.3","24","1011.3","16","977.5","16","  6.2"," 8","  7.8","24"," 13.0"," 15.0"," 107.4"," ","  76.5","*"," 0.00","G","999.9","000000"
"94510099999","2019-01-20","-26.413334","146.2625","305.71","CHARLEVILLE, AS","  94.7","24","  40.6","24","1011.3","15","977.5","15","  6.1"," 9","  9.4","24"," 15.9"," 26.0"," 107.6"," ","  75.2"," "," 0.00","G","999.9","000000"
"94510099999","2019-01-21","-26.413334","146.2625","305.71","CHARLEVILLE, AS","  94.0","24","  49.6","24","1010.9","16","977.1","16","  6.2"," 8","  9.6","24"," 14.0"," 15.0"," 104.5"," ","  81.5"," "," 0.00","G","999.9","000000"
"94510099999","2019-01-22","-26.413334","146.2625","305.71","CHARLEVILLE, AS","  93.3","24","  50.3","24","1010.2","16","976.4","16","  6.2"," 8","  9.3","24"," 17.1","999.9"," 104.9"," ","  81.9"," "," 0.00","G","999.9","000000"
"94510099999","2019-01-23","-26.413334","146.2625","305.71","CHARLEVILLE, AS","  93.6","24","  50.7","24","1008.1","15","974.4","15","  5.9"," 9","  7.2","24"," 22.0"," 32.1"," 105.8","*","  82.8"," "," 0.00","G","999.9","000000"
"94510099999","2019-01-24","-26.413334","146.2625","305.71","CHARLEVILLE, AS","  96.5","24","  48.6","24","1007.9","16","974.2","16","  6.2"," 8","  9.3","24"," 15.9","999.9"," 108.1"," ","  83.3"," "," 0.00","G","999.9","000000"
"94510099999","2019-01-25","-26.413334","146.2625","305.71","CHARLEVILLE, AS","  94.4","24","  52.8","24","1008.4","16","974.7","16","  6.2"," 8","  9.3","24"," 14.0","999.9"," 105.3"," ","  84.0","*"," 0.00","G","999.9","000000"
"94510099999","2019-01-26","-26.413334","146.2625","305.71","CHARLEVILLE, AS","  93.4","24","  51.6","24","1006.7","16","973.0","16","  6.2"," 8"," 10.4","24"," 15.0"," 19.0"," 105.3"," ","  81.7","*"," 0.00","G","999.9","000000"
"94510099999","2019-01-27","-26.413334","146.2625","305.71","CHARLEVILLE, AS","  92.3","24","  48.5","24","1007.0","16","973.3","16","  6.2"," 8","  8.1","24"," 11.1","999.9"," 104.0"," ","  80.6","*"," 0.00","G","999.9","000000"
"94510099999","2019-01-28","-26.413334","146.2625","305.71","CHARLEVILLE, AS","  91.7","23","  47.2","23","1008.2","16","974.5","16","  6.2"," 7","  9.2","23"," 13.0"," 22.9"," 104.7"," ","  80.2"," "," 0.00","G","999.9","000000"
"94510099999","2019-01-29","-26.413334","146.2625","305.71","CHARLEVILLE, AS","  84.9","24","  55.2","24","1008.7","16","975.0","16","  6.2"," 8","  7.3","24"," 12.0"," 21.0","  91.9"," ","  78.8","*"," 0.00","G","999.9","000000"
"94510099999","2019-01-30","-26.413334","146.2625","305.71","CHARLEVILLE, AS","  79.5","24","  65.1","24","1008.9","13","975.1","13","  5.7","11","  5.6","24"," 13.0","999.9","  92.3"," ","  73.4","*"," 0.31","G","999.9","010000"
"94510099999","2019-01-31","-26.413334","146.2625","305.71","CHARLEVILLE, AS","  76.9","24","  66.4","24","1008.4","16","974.7","16","  6.2"," 8","  6.4","24"," 15.0","999.9","  82.4","*","  71.6","*"," 0.02","G","999.9","010000"
"94510099999","2019-02-01","-26.413334","146.2625","305.71","CHARLEVILLE, AS","  88.1","24","  52.5","24","1007.9","15","974.1","15","  6.2"," 9"," 10.4","24"," 19.0"," 25.1","  97.9"," ","  72.1"," "," 0.00","G","999.9","000000"
"94510099999","2019-02-02","-26.413334","146.2625","305.71","CHARLEVILLE, AS","  84.7","24","  55.4","24","1008.1","16","974.4","16","  6.2"," 8"," 11.7","24"," 15.9"," 26.0","  91.0"," ","  78.6"," "," 0.00","G","999.9","000000"
"94510099999","2019-02-03","-26.413334","146.2625","305.71","CHARLEVILLE, AS","  86.0","24","  55.9","24","1007.6","16","973.8","16","  6.2"," 8","  9.3","24"," 15.0","999.9","  96.4"," ","  76.5","*"," 0.00","G","999.9","000000"
"94510099999","2019-02-04","-26.413334","146.2625","305.71","CHARLEVILLE, AS","  87.9","24","  50.8","24","1005.9","16","972.2","16","  6.2"," 8","  9.9","24"," 15.0","999.9","  98.4"," ","  76.5"," "," 0.00","G","999.9","000000"
"94510099999","2019-02-05","-26.413334","146.2625","305.71","CHARLEVILLE, AS","  88.6","24","  53.2","24","1005.1","16","971.4","16","  6.2"," 8"," 10.8","24"," 15.0"," 26.0","  97.5"," ","  79.2"," "," 0.00","G","999.9","000000"
"94510099999","2019-02-06","-26.413334","146.2625","305.71","CHARLEVILLE, AS","  85.3","24","  56.3","24","1006.2","16","972.5","16","  6.2"," 8"," 11.0","24"," 14.0","999.9","  91.4","*","  78.6","*"," 0.00","G","999.9","000000"
"94510099999","2019-02-07","-26.413334","146.2625","305.71","CHARLEVILLE, AS","  84.5","24","  54.7","24","1006.5","16","972.7","16","  6.2"," 8","  9.4","24"," 15.0","999.9","  93.4"," ","  76.6","*"," 0.00","G","999.9","000000"
"94510099999","2019-02-08","-26.413334","146.2625","305.71","CHARLEVILLE, AS","  89.0","24","  51.5","24","1001.8","16","968.2","16","  6.2"," 8","  7.0","24"," 14.0","999.9"," 100.2"," ","  76.6"," "," 0.00","G","999.9","000000"
"94510099999","2019-02-09","-26.413334","146.2625","305.71","CHARLEVILLE, AS","  89.0","24","  45.6","24","1002.3","16","968.7","16","  6.2"," 8","  9.9","24"," 15.0","999.9"," 104.9"," ","  73.4","*"," 0.00","G","999.9","000000"
"94510099999","2019-02-10","-26.413334","146.2625","305.71","CHARLEVILLE, AS","  83.7","24","  35.4","24","1005.2","16","971.5","16","  6.2"," 8","  5.8","24"," 13.0","999.9","  98.8"," ","  66.0","*"," 0.00","G","999.9","000000"
"94510099999","2019-02-11","-26.413334","146.2625","305.71","CHARLEVILLE, AS","  84.6","24","  32.3","24","1004.2","16","970.5","16","  6.2"," 8","  4.6","24"," 11.1","999.9"," 100.4"," ","  65.8"," "," 0.00","G","999.9","000000"
"94510099999","2019-02-12","-26.413334","146.2625","305.71","CHARLEVILLE, AS","  86.2","24","  27.8","24","1003.1","15","969.5","15","  5.6","11","  4.2","24"," 12.0","999.9"," 102.2"," ","  67.1"," "," 0.00","G","999.9","000000"
"94510099999","2019-02-13","-26.413334","146.2625","305.71","CHARLEVILLE, AS","  81.9","24","  32.0","24","1009.1","12","975.3","12","  3.8","12","  9.9","24"," 15.9","999.9","  95.9"," ","  64.2","*"," 0.00","G","999.9","000000"
"94510099999","2019-02-14","-26.413334","146.2625","305.71","CHARLEVILLE, AS","  77.9","24","  24.2","24","1011.8","16","977.9","16","  6.2"," 8","  6.6","24"," 13.0","999.9","  92.8"," ","  60.8","*"," 0.00","G","999.9","000000"
"94510099999","2019-02-15","-26.413334","146.2625","305.71","CHARLEVILLE, AS","  87.7","24","  57.5","24","1011.7","16","977.8","16","  6.2"," 8","  7.6","24"," 19.0","999.9"," 101.7"," ","  61.2"," "," 0.00","G","999.9","000000"
"94510099999","2019-02-16","-26.413334","146.2625","305.71","CHARLEVILLE, AS","  83.1","24","  64.3","24","1010.6","15","976.8","15","  5.8"," 9","  7.0","24"," 17.1"," 26.0","  98.8"," ","  72.5","*"," 0.09","G","999.9","010000"
"94510099999","2019-02-17","-26.413334","146.2625","305.71","CHARLEVILLE, AS","  85.8","24","  54.7","24","1008.0","16","974.2","16","  6.2"," 8","  6.6","24"," 11.1","999.9","  99.0"," ","  72.3"," "," 0.00","G","999.9","000000"
"94510099999","2019-02-18","-26.413334","146.2625","305.71","CHARLEVILLE, AS","  90.2","24","  47.1","24","1005.5","16","971.8","16","  6.2"," 8","  6.2","24"," 11.1","999.9"," 104.0"," ","  74.1"," "," 0.00","G","999.9","000000"
"94510099999","2019-02-19","-26.413334","146.2625","305.71","CHARLEVILLE, AS","  93.7","24","  37.4","24","1004.9","16","971.2","16","  6.2"," 8","  7.6","24"," 17.1","999.9"," 109.4"," ","  77.0","*"," 0.00","G","999.9","000000"
"94510099999","2019-02-20","-26.413334","146.2625","305.71","CHARLEVILLE, AS","  85.0","24","  27.0","24","1007.2","16","973.4","16","  6.2"," 8","  8.3","24"," 13.0","999.9"," 101.1"," ","  62.6","*"," 0.00","G","999.9","000000"
"94510099999","2019-02-21","-26.413334","146.2625","305.71","CHARLEVILLE, AS","  85.1","24","  34.9","24","1007.3","16","973.5","16","  6.2"," 8","  8.3","24"," 15.9","999.9","  96.8"," ","  62.4"," "," 0.00","G","999.9","000000"
"94510099999","2019-02-22","-26.413334","146.2625","305.71","CHARLEVILLE, AS","  87.9","24","  48.5","24","1009.5","16","975.7","16","  6.2"," 8"," 10.4","24"," 15.0","999.9"," 100.6"," ","  74.1"," "," 0.00","G","999.9","000000"
"94510099999","2019-02-23","-26.413334","146.2625","305.71","CHARLEVILLE, AS","  84.3","24","  39.3","24","1013.0","16","979.1","16","  6.2"," 8","  8.9","24"," 15.0"," 27.0","  97.0"," ","  71.6","*"," 0.00","G","999.9","000000"
"94510099999","2019-02-24","-26.413334","146.2625","305.71","CHARLEVILLE, AS","  85.3","24","  44.3","24","1015.6","16","981.6","16","  6.2"," 8","  9.1","24"," 14.0","999.9","  97.7"," ","  71.2"," "," 0.00","G","999.9","000000"
"94510099999","2019-02-25","-26.413334","146.2625","305.71","CHARLEVILLE, AS","  85.1","24","  45.6","24","1016.0","16","981.9","16","  6.2"," 8","  8.7","24"," 13.0","999.9","  97.0"," ","  74.8"," "," 0.00","G","999.9","000000"
"94510099999","2019-02-26","-26.413334","146.2625","305.71","CHARLEVILLE, AS","  84.3","24","  45.0","24","1014.4","16","980.4","16","  6.2"," 8","  6.8","24"," 12.0","999.9","  94.3"," ","  69.8","*"," 0.00","G","999.9","000000"
"94510099999","2019-02-27","-26.413334","146.2625","305.71","CHARLEVILLE, AS","  85.5","24","  46.7","24","1014.1","16","980.1","16","  6.2"," 8","  7.7","24"," 13.0"," 15.9","  95.7"," ","  70.2"," "," 0.00","G","999.9","000000"
"94510099999","2019-02-28","-26.413334","146.2625","305.71","CHARLEVILLE, AS","  82.7","24","  46.7","24","1015.5","16","981.5","16","  6.2"," 8","  7.4","24"," 11.1","999.9","  91.6"," ","  74.8","*"," 0.00","G","999.9","000000"
"94510099999","2019-03-01","-26.413334","146.2625","305.71","CHARLEVILLE, AS","  82.0","24","  45.0","24","1016.2","16","981.8","16","  6.2"," 8","  8.2","24"," 14.0"," 20.0","  92.3"," ","  74.3","*"," 0.00","G","999.9","000000"
"94510099999","2019-03-02","-26.413334","146.2625","305.71","CHARLEVILLE, AS","  83.0","24","  48.4","24","1015.4","16","981.2","16","  6.2"," 8","  7.6","24"," 15.0","999.9","  92.5"," ","  74.1"," "," 0.00","G","999.9","000000"
"94510099999","2019-03-03","-26.413334","146.2625","305.71","CHARLEVILLE, AS","  83.0","24","  48.6","24","1015.9","16","981.5","16","  6.2"," 8","  9.7","24"," 15.9"," 26.0","  93.0"," ","  73.4","*"," 0.00","G","999.9","000000"
"94510099999","2019-03-04","-26.413334","146.2625","305.71","CHARLEVILLE, AS","  84.4","24","  46.7","24","1014.7","15","980.4","15","  6.2"," 9","  8.8","24"," 19.0"," 25.1","  94.3"," ","  73.2"," "," 0.01","G","999.9","010000"
"94510099999","2019-03-05","-26.413334","146.2625","305.71","CHARLEVILLE, AS","  83.4","24","  44.9","24","1011.9","16","977.7","16","  6.2"," 8","  6.7","24"," 15.0","999.9","  95.7"," ","  69.8","*"," 0.00","G","999.9","000000"
"94510099999","2019-03-06","-26.413334","146.2625","305.71","CHARLEVILLE, AS","  87.3","24","  42.9","24","1010.6","14","976.4","14","  5.7","10","  7.2","24"," 15.9","999.9"," 101.5"," ","  69.1"," "," 0.00","G","999.9","000000"
"94510099999","2019-03-07","-26.413334","146.2625","305.71","CHARLEVILLE, AS","  88.3","24","  45.8","24","1012.8","16","978.6","16","  6.2"," 8","  7.7","24"," 13.0","999.9"," 100.4"," ","  74.1"," "," 0.00","G","999.9","000000"
"94510099999","2019-03-08","-26.413334","146.2625","305.71","CHARLEVILLE, AS","  88.8","24","  52.7","24","1014.9","16","980.6","16","  6.2"," 8","  6.5","24"," 13.0","999.9"," 101.7"," ","  75.2","*"," 0.00","G","999.9","000000"
"94510099999","2019-03-09","-26.413334","146.2625","305.71","CHARLEVILLE, AS","  89.4","24","  51.1","24","1014.3","16","980.1","16","  6.2"," 8","  5.6","24"," 13.0","999.9"," 101.7"," ","  74.7"," "," 0.00","G","999.9","000000"
"94510099999","2019-03-10","-26.413334","146.2625","305.71","CHARLEVILLE, AS","  89.2","24","  43.1","24","1011.4","16","977.2","16","  6.2"," 8","  5.6","24"," 14.0","999.9"," 105.1"," ","  71.6","*"," 0.00","G","999.9","000000"
"94510099999","2019-03-11","-26.413334","146.2625","305.71","CHARLEVILLE, AS","  92.1","24","  40.8","24","1009.4","16","975.3","16","  6.2"," 8","  5.1","24"," 11.1","999.9"," 105.8","*","  71.8"," "," 0.00","G","999.9","000000"
"94510099999","2019-03-12","-26.413334","146.2625","305.71","CHARLEVILLE, AS","  89.9","24","  43.5","24","1009.4","15","975.3","15","  6.2"," 9","  7.3","24"," 19.0"," 31.1"," 104.4"," ","  71.6","*"," 0.00","G","999.9","000000"
"94510099999","2019-03-13","-26.413334","146.2625","305.71","CHARLEVILLE, AS","  88.4","16","  37.4","16","1009.9","13","975.8","13","999.9"," 0","  6.8","16"," 13.0","999.9"," 100.4","*","  70.0","*"," 0.00","G","999.9","000000"
"94510099999","2019-03-14","-26.413334","146.2625","305.71","CHARLEVILLE, AS","  86.2","24","  33.0","24","1009.1","15","975.0","15","  5.9"," 9","  6.7","24"," 15.0"," 29.9"," 102.4"," ","  70.0"," "," 0.00","G","999.9","000000"
"94510099999","2019-03-15","-26.413334","146.2625","305.71","CHARLEVILLE, AS","  78.0","24","  30.0","24","1009.7","15","975.6","15","  6.2"," 9","  6.1","24"," 15.9"," 25.1","  93.9"," ","  62.2","*"," 0.00","G","999.9","000000"
"94510099999","2019-03-16","-26.413334","146.2625","305.71","CHARLEVILLE, AS","  74.9","22","  61.3","22","1009.6","16","975.5","16","  6.2"," 6","  6.1","22"," 12.0","999.9","  93.0"," ","  61.9"," "," 0.46","G","999.9","000000"
"94510099999","2019-03-17","-26.413334","146.2625","305.71","CHARLEVILLE, AS","  81.9","24","  56.5","24","1011.0","16","976.9","16","  6.2"," 8","  5.1","24","  8.9","999.9","  94.1"," ","  67.3"," "," 0.00","G","999.9","000000"
"94510099999","2019-03-18","-26.413334","146.2625","305.71","CHARLEVILLE, AS","  82.9","24","  50.0","24","1010.7","16","976.5","16","  6.2"," 8","  5.3","24","  8.0","999.9","  96.4"," ","  68.0","*"," 0.00","G","999.9","000000"
"94510099999","2019-03-19","-26.413334","146.2625","305.71","CHARLEVILLE, AS","  83.1","24","  44.9","24","1009.8","16","975.7","16","  6.2"," 8","  5.0","24"," 11.1","999.9","  98.4"," ","  68.0","*"," 0.00","G","999.9","000000"
"94510099999","2019-03-20","-26.413334","146.2625","305.71","CHARLEVILLE, AS","  84.9","24","  46.1","24","1010.0","16","975.9","16","  6.2"," 8","  5.8","24","  8.9","999.9"," 100.4"," ","  66.6"," "," 0.00","G","999.9","000000"
"94510099999","2019-03-21","-26.413334","146.2625","305.71","CHARLEVILLE, AS","  86.5","22","  48.5","22","1010.6","16","976.5","16","  6.2"," 6","  4.5","22"," 13.0","999.9","  99.5"," ","  72.0"," "," 0.00","G","999.9","000000"
"94510099999","2019-03-22","-26.413334","146.2625","305.71","CHARLEVILLE, AS","  87.4","24","  50.8","24","1011.3","16","977.1","16","  6.2"," 8","  6.3","24"," 12.0","999.9","  99.1"," ","  72.5"," "," 0.00","G","999.9","000000"
"94510099999","2019-03-23","-26.413334","146.2625","305.71","CHARLEVILLE, AS","  88.9","24","  53.6","24","1011.6","16","977.4","16","  6.2"," 8","  7.9","24"," 15.9","999.9"," 100.0"," ","  76.6"," "," 0.00","G","999.9","000000"
"94510099999","2019-03-24","-26.413334","146.2625","305.71","CHARLEVILLE, AS","  89.5","24","  52.0","24","1010.7","16","976.6","16","  6.2"," 8","  9.4","24"," 13.0","999.9"," 101.3"," ","  79.5"," "," 0.00","G","999.9","000000"
"94510099999","2019-03-25","-26.413334","146.2625","305.71","CHARLEVILLE, AS","  75.0","24","  66.7","24","1013.1","11","978.9","11","  4.7","14","  6.0","24"," 11.1","999.9","  89.4"," ","  69.8","*"," 1.43","G","999.9","010000"
"94510099999","2019-03-26","-26.413334","146.2625","305.71","CHARLEVILLE, AS","  70.3","24","  66.6","24","1015.0","14","980.6","14","  5.9","11","  6.0","24","  9.9","999.9","  73.9"," ","  64.2","*"," 0.55","G","999.9","010000"
"94510099999","2019-03-27","-26.413334","146.2625","305.71","CHARLEVILLE, AS","  65.6","24","  62.2","24","1013.8"," 7","979.5"," 7","  5.8","17","  7.8","24"," 11.1","999.9","  72.1","*","  62.1","*"," 0.94","G","999.9","010000"
"94510099999","2019-03-28","-26.413334","146.2625","305.71","CHARLEVILLE, AS","  73.0","24","  63.9","24","1011.1","16","976.9","16","  6.2"," 8","  8.4","24"," 14.0","999.9","  77.0","*","  61.7"," "," 0.00","G","999.9","000000"
"94510099999","2019-03-29","-26.413334","146.2625","305.71","CHARLEVILLE, AS","  71.7","24","  68.5","24","1006.8"," 6","972.8"," 6","  5.2","19","  6.3","24","  9.9","999.9","  75.6"," ","  69.6"," "," 1.72","G","999.9","010000"
"94510099999","2019-03-30","-26.413334","146.2625","305.71","CHARLEVILLE, AS","  66.6","24","  49.3","24","1014.3","14","980.0","14","  4.8","11","  8.2","24"," 14.0","999.9","  81.9"," ","  51.3","*"," 0.00","G","999.9","000000"
"94510099999","2019-03-31","-26.413334","146.2625","305.71","CHARLEVILLE, AS","  61.9","24","  40.0","24","1017.9","16","983.5","16","  6.2"," 8","  7.0","24"," 13.0","999.9","  73.6"," ","  50.0"," "," 0.00","G","999.9","000000"
"94510099999","2019-04-01","-26.413334","146.2625","305.71","CHARLEVILLE, AS","  65.1","24","  42.6","24","1019.2","16","984.2","16","  6.2"," 8","  6.3","24"," 12.0","999.9","  77.0"," ","  50.4"," "," 0.00","G","999.9","000000"
"94510099999","2019-04-02","-26.413334","146.2625","305.71","CHARLEVILLE, AS","  71.3","24","  48.1","24","1019.5","16","984.5","16","  6.2"," 8","  7.0","24"," 11.1","999.9","  83.1"," ","  54.0"," "," 0.00","G","999.9","000000"
"94510099999","2019-04-03","-26.413334","146.2625","305.71","CHARLEVILLE, AS","  75.0","24","  53.1","24","1020.9","16","985.9","16","  6.2"," 8","  7.9","24"," 13.0","999.9","  84.7"," ","  60.1"," "," 0.00","G","999.9","000000"
"94510099999","2019-04-04","-26.413334","146.2625","305.71","CHARLEVILLE, AS","  74.8","24","  49.4","24","1021.6","16","986.6","16","  6.2"," 8","  8.0","24"," 14.0","999.9","  86.9"," ","  64.0","*"," 0.00","G","999.9","000000"
"94510099999","2019-04-05","-26.413334","146.2625","305.71","CHARLEVILLE, AS","  73.3","24","  50.4","24","1020.6","16","985.6","16","  6.2"," 8","  6.5","24"," 11.1","999.9","  85.6"," ","  60.8","*"," 0.00","G","999.9","000000"
"94510099999","2019-04-06","-26.413334","146.2625","305.71","CHARLEVILLE, AS","  73.0","24","  50.0","24","1019.7","16","984.7","16","  6.2"," 8","  5.0","24","  9.9","999.9","  86.4"," ","  59.0","*"," 0.00","G","999.9","000000"
"94510099999","2019-04-07","-26.413334","146.2625","305.71","CHARLEVILLE, AS","  74.3","24","  50.4","24","1018.1","16","983.1","16","  6.2"," 8","  3.4","24","  8.9","999.9","  88.0"," ","  58.1"," "," 0.00","G","999.9","000000"
"94510099999","2019-04-08","-26.413334","146.2625","305.71","CHARLEVILLE, AS","  77.2","24","  52.6","24","1017.3","16","982.4","16","  6.2"," 8","  4.3","24","  8.0","999.9","  89.2"," ","  63.3"," "," 0.00","G","999.9","000000"
"94510099999","2019-04-09","-26.413334","146.2625","305.71","CHARLEVILLE, AS","  76.1","24","  45.4","24","1016.9","16","982.0","16","  6.2"," 8","  6.4","24"," 13.0","999.9","  90.3"," ","  64.2","*"," 0.00","G","999.9","000000"
"94510099999","2019-04-10","-26.413334","146.2625","305.71","CHARLEVILLE, AS","  69.7","23","  36.6","23","1018.0","16","983.0","16","  6.2"," 7","  6.0","23","  9.9","999.9","  84.2"," ","  54.9","*"," 0.00","G","999.9","000000"
"94510099999","2019-04-11","-26.413334","146.2625","305.71","CHARLEVILLE, AS","  72.6","24","  43.8","24","1017.8","16","982.9","16","  6.2"," 8","  5.6","24"," 11.1","999.9","  85.5"," ","  54.7"," "," 0.01","G","999.9","000000"
"94510099999","2019-04-12","-26.413334","146.2625","305.71","CHARLEVILLE, AS","  72.8","24","  45.6","24","1019.6","16","984.6","16","  6.2"," 8","  6.8","24"," 11.1","999.9","  84.6"," ","  60.8"," "," 0.00","G","999.9","000000"
"94510099999","2019-04-13","-26.413334","146.2625","305.71","CHARLEVILLE, AS","  72.6","24","  44.5","24","1019.1","16","984.2","16","  6.2"," 8","  6.0","24"," 15.0","999.9","  84.2"," ","  59.0","*"," 0.00","G","999.9","000000"
"94510099999","2019-04-14","-26.413334","146.2625","305.71","CHARLEVILLE, AS","  71.2","24","  42.5","24","1017.9","16","982.9","16","  6.2"," 8","  4.5","24","  8.9","999.9","  84.9"," ","  57.2","*"," 0.00","G","999.9","000000"
"94510099999","2019-04-15","-26.413334","146.2625","305.71","CHARLEVILLE, AS","  70.4","24","  43.2","24","1018.3","16","983.3","16","  6.2"," 8","  3.9","24","  8.9","999.9","  84.4"," ","  55.4","*"," 0.00","G","999.9","000000"
"94510099999","2019-04-16","-26.413334","146.2625","305.71","CHARLEVILLE, AS","  70.8","24","  40.2","24","1018.9","16","983.9","16","  6.2"," 8","  5.6","24"," 11.1","999.9","  85.6"," ","  55.4","*"," 0.00","G","999.9","000000"
"94510099999","2019-04-17","-26.413334","146.2625","305.71","CHARLEVILLE, AS","  73.3","24","  45.8","24","1019.5","16","984.5","16","  6.2"," 8","  5.2","24","  8.0","999.9","  84.9"," ","  54.9"," "," 0.00","G","999.9","000000"
"94510099999","2019-04-18","-26.413334","146.2625","305.71","CHARLEVILLE, AS","  76.8","24","  42.1","24","1020.8","16","985.7","16","  6.2"," 8","  7.4","24"," 13.0","999.9","  85.6"," ","  57.7"," "," 0.00","G","999.9","000000"
"94510099999","2019-04-19","-26.413334","146.2625","305.71","CHARLEVILLE, AS","  74.1","24","  47.8","24","1019.5","16","984.5","16","  6.2"," 8","  6.9","24"," 13.0","999.9","  86.4"," ","  62.6","*"," 0.00","G","999.9","000000"
"94510099999","2019-04-20","-26.413334","146.2625","305.71","CHARLEVILLE, AS","  74.1","24","  56.0","24","1017.5","16","982.6","16","  6.2"," 8","  6.2","24"," 13.0","999.9","  84.6"," ","  62.8"," "," 0.00","G","999.9","000000"
"94510099999","2019-04-21","-26.413334","146.2625","305.71","CHARLEVILLE, AS","  75.8","24","  58.7","24","1017.0","16","982.1","16","  6.2"," 8","  6.8","24"," 11.1","999.9","  82.9"," ","  65.7"," "," 0.00","G","999.9","000000"
"94510099999","2019-04-22","-26.413334","146.2625","305.71","CHARLEVILLE, AS","  70.3","24","  61.1","24","1017.7","15","982.8","15","  5.7","10","  6.2","24"," 14.0","999.9","  80.6"," ","  64.2","*"," 0.10","G","999.9","010000"
"94510099999","2019-04-23","-26.413334","146.2625","305.71","CHARLEVILLE, AS","  65.0","24","  59.9","24","1018.8","11","983.9","11","  5.3","14","  7.4","24"," 15.0","999.9","  76.6"," ","  60.6","*"," 1.31","G","999.9","010000"
"94510099999","2019-04-24","-26.413334","146.2625","305.71","CHARLEVILLE, AS","  66.7","24","  61.3","24","1018.3","14","983.4","14","  6.2","10","  7.2","24"," 12.0","999.9","  71.8"," ","  60.3"," "," 0.05","G","999.9","010000"
"94510099999","2019-04-25","-26.413334","146.2625","305.71","CHARLEVILLE, AS","  70.5","24","  61.9","24","1016.9","16","982.0","16","  6.2"," 8","  4.6","24","  8.9","999.9","  77.4"," ","  64.4","*"," 0.00","G","999.9","000000"
"94510099999","2019-04-26","-26.413334","146.2625","305.71","CHARLEVILLE, AS","  71.6","23","  57.7","23","1017.6","16","982.7","16","  6.2"," 7","  6.9","23"," 13.0","999.9","  81.0"," ","  62.6","*"," 0.00","G","999.9","000000"
"94510099999","2019-04-27","-26.413334","146.2625","305.71","CHARLEVILLE, AS","  63.6","24","  46.3","24","1021.8","16","986.7","16","  6.2"," 8","  7.4","24"," 11.1","999.9","  77.7"," ","  47.7","*"," 0.00","G","999.9","000000"
"94510099999","2019-04-28","-26.413334","146.2625","305.71","CHARLEVILLE, AS","  58.5","24","  38.2","24","1022.1","16","987.0","16","  6.2"," 8","  4.8","24"," 11.1","999.9","  74.8"," ","  44.4","*"," 0.00","G","999.9","000000"
"94510099999","2019-04-29","-26.413334","146.2625","305.71","CHARLEVILLE, AS","  65.6","24","  41.2","24","1019.2","16","984.2","16","  6.2"," 8","  5.1","24","  8.9","999.9","  77.9"," ","  44.2"," "," 0.00","G","999.9","000000"
"94510099999","2019-04-30","-26.413334","146.2625","305.71","CHARLEVILLE, AS","  67.7","24","  54.5","24","1016.5","16","981.6","16","  6.2"," 8","  7.3","24"," 12.0","999.9","  73.4","*","  57.2"," "," 0.00","G","999.9","000000"
"94510099999","2019-05-01","-26.413334","146.2625","305.71","CHARLEVILLE, AS","  70.2","24","  58.5","24","1018.4","16","982.9","16","  6.2"," 8","  4.7","24"," 11.1","999.9","  80.1"," ","  60.8","*"," 0.00","G","999.9","000000"
"94510099999","2019-05-02","-26.413334","146.2625","305.71","CHARLEVILLE, AS","  73.5","24","  61.4","24","1020.1","16","984.5","16","  6.2"," 8","  7.4","24"," 15.0","999.9","  82.4"," ","  61.5"," "," 0.01","G","999.9","000000"
"94510099999","2019-05-03","-26.413334","146.2625","305.71","CHARLEVILLE, AS","  67.7","24","  61.4","24","1019.4","15","983.8","15","  6.2"," 9","  5.4","24"," 14.0","999.9","  74.5"," ","  60.8","*"," 0.23","G","999.9","010000"
"94510099999","2019-05-04","-26.413334","146.2625","305.71","CHARLEVILLE, AS","  59.1","24","  46.5","24","1020.0","16","984.4","16","  6.2"," 8","  5.2","24"," 12.0","999.9","  70.5"," ","  48.2","*"," 0.00","G","999.9","000000"
"94510099999","2019-05-05","-26.413334","146.2625","305.71","CHARLEVILLE, AS","  56.3","24","  45.3","24","1019.4","16","983.8","16","  6.2"," 8","  5.0","24"," 11.1","999.9","  69.8","*","  44.2","*"," 0.00","G","999.9","000000"
"94510099999","2019-05-06","-26.413334","146.2625","305.71","CHARLEVILLE, AS","  56.7","24","  41.9","24","1018.3","16","982.8","16","  6.2"," 8","  3.8","24","  9.9","999.9","  70.3"," ","  43.7"," "," 0.00","G","999.9","000000"
"94510099999","2019-05-07","-26.413334","146.2625","305.71","CHARLEVILLE, AS","  59.0","24","  43.9","24","1017.6","16","982.1","16","  6.2"," 8","  1.9","24","  6.0","999.9","  75.4"," ","  43.7"," "," 0.00","G","999.9","000000"
"94510099999","2019-05-08","-26.413334","146.2625","305.71","CHARLEVILLE, AS","  59.9","24","  41.7","24","1018.1","16","982.6","16","  6.2"," 8","  2.8","24","  8.0","999.9","  75.6"," ","  44.6","*"," 0.00","G","999.9","000000"
"94510099999","2019-05-09","-26.413334","146.2625","305.71","CHARLEVILLE, AS","  61.9","24","  44.0","24","1017.1","16","981.6","16","  6.2"," 8","  4.2","24"," 11.1","999.9","  77.9"," ","  44.6"," "," 0.00","G","999.9","000000"
"94510099999","2019-05-10","-26.413334","146.2625","305.71","CHARLEVILLE, AS","  51.7","24","  34.7","24","1024.6","16","988.8","16","  6.2"," 8","  5.6","24"," 12.0","999.9","  65.3"," ","  37.4","*"," 0.00","G","999.9","000000"
"94510099999","2019-05-11","-26.413334","146.2625","305.71","CHARLEVILLE, AS","  51.1","24","  34.4","24","1026.2","16","990.4","16","  6.2"," 8","  7.3","24"," 15.0","999.9","  64.9"," ","  37.0","*"," 0.00","G","999.9","000000"
"94510099999","2019-05-12","-26.413334","146.2625","305.71","CHARLEVILLE, AS","  56.3","24","  36.4","24","1024.7","16","988.9","16","  6.2"," 8","  7.1","24"," 13.0","999.9","  68.7"," ","  36.9"," "," 0.00","G","999.9","000000"
"94510099999","2019-05-13","-26.413334","146.2625","305.71","CHARLEVILLE, AS","  67.7","24","  49.4","24","1023.5","16","987.8","16","  6.2"," 8","  6.9","24"," 11.1","999.9","  75.7"," ","  44.6"," "," 0.00","G","999.9","000000"
"94510099999","2019-05-14","-26.413334","146.2625","305.71","CHARLEVILLE, AS","  65.7","24","  49.7","24","1023.9","16","988.1","16","  6.2"," 8","  6.8","24"," 11.1","999.9","  77.9"," ","  55.0","*"," 0.00","G","999.9","000000"
"94510099999","2019-05-15","-26.413334","146.2625","305.71","CHARLEVILLE, AS","  66.5","23","  51.5","23","1023.2","15","987.5","15","  6.2"," 8","  6.0","23"," 11.1","999.9","  77.9"," ","  53.2","*"," 0.00","C","999.9","000000"
"94510099999","2019-05-16","-26.413334","146.2625","305.71","CHARLEVILLE, AS","  68.9","24","  51.2","24","1021.8","16","986.2","16","  6.2"," 8","  5.3","24","  8.9","999.9","  80.6","*","  53.2"," "," 0.00","G","999.9","000000"
"94510099999","2019-05-17","-26.413334","146.2625","305.71","CHARLEVILLE, AS","  68.1","24","  48.4","24","1023.0","16","987.3","16","  6.2"," 8","  4.6","24","  8.0","999.9","  80.2"," ","  55.2"," "," 0.00","G","999.9","000000"
"94510099999","2019-05-18","-26.413334","146.2625","305.71","CHARLEVILLE, AS","  68.2","24","  48.8","24","1024.5","15","988.8","15","  5.7"," 9","  6.4","24","  9.9","999.9","  79.0"," ","  55.9"," "," 0.00","G","999.9","000000"
"94510099999","2019-05-19","-26.413334","146.2625","305.71","CHARLEVILLE, AS","  69.0","24","  44.7","24","1024.0","16","988.3","16","  6.2"," 8","  6.6","24"," 11.1","999.9","  77.7"," ","  58.1"," "," 0.00","G","999.9","000000"
"94510099999","2019-05-20","-26.413334","146.2625","305.71","CHARLEVILLE, AS","  64.8","24","  49.3","24","1023.4","16","987.7","16","  6.2"," 8","  2.7","24","  8.0","999.9","  79.2"," ","  51.4","*"," 0.00","G","999.9","000000"
"94510099999","2019-05-21","-26.413334","146.2625","305.71","CHARLEVILLE, AS","  65.4","24","  49.4","24","1024.3","16","988.6","16","  6.1"," 8","  4.2","24","  8.0","999.9","  80.1"," ","  51.1"," "," 0.01","G","999.9","000000"
"94510099999","2019-05-22","-26.413334","146.2625","305.71","CHARLEVILLE, AS","  65.9","24","  49.4","24","1024.8","16","989.1","16","  6.2"," 8","  3.0","24","  7.0","999.9","  78.8"," ","  52.0"," "," 0.00","G","999.9","000000"
"94510099999","2019-05-23","-26.413334","146.2625","305.71","CHARLEVILLE, AS","  64.2","24","  43.8","24","1023.3","16","987.6","16","  6.2"," 8","  4.0","24","  8.9","999.9","  79.7"," ","  48.2","*"," 0.00","G","999.9","000000"
"94510099999","2019-05-24","-26.413334","146.2625","305.71","CHARLEVILLE, AS","  65.2","24","  42.8","24","1020.9","16","985.3","16","  6.2"," 8","  3.3","24","  8.0","999.9","  77.2"," ","  48.7"," "," 0.00","G","999.9","000000"
"94510099999","2019-05-25","-26.413334","146.2625","305.71","CHARLEVILLE, AS","  63.0","24","  45.9","24","1018.6","16","983.1","16","  6.2"," 8","  2.6","24","  8.9","999.9","  78.3"," ","  51.8","*"," 0.00","G","999.9","000000"
"94510099999","2019-05-26","-26.413334","146.2625","305.71","CHARLEVILLE, AS","  62.6","24","  43.8","24","1017.8","16","982.3","16","  6.2"," 8","  2.3","24","  8.0","999.9","  79.5"," ","  47.5","*"," 0.00","G","999.9","000000"
"94510099999","2019-05-27","-26.413334","146.2625","305.71","CHARLEVILLE, AS","  53.4","24","  35.1","24","1019.6","16","984.0","16","  6.2"," 8","  3.6","24"," 11.1","999.9","  72.1"," ","  37.4","*"," 0.00","G","999.9","000000"
"94510099999","2019-05-28","-26.413334","146.2625","305.71","CHARLEVILLE, AS","  51.5","24","  36.2","24","1019.0","16","983.4","16","  6.2"," 8","  3.3","24","  8.0","999.9","  68.5"," ","  37.4"," "," 0.00","G","999.9","000000"
"94510099999","2019-05-29","-26.413334","146.2625","305.71","CHARLEVILLE, AS","  52.4","24","  34.4","24","1018.0","16","982.4","16","  6.2"," 8","  2.8","24","  8.9","999.9","  69.4"," ","  37.4","*"," 0.00","G","999.9","000000"
"94510099999","2019-05-30","-26.413334","146.2625","305.71","CHARLEVILLE, AS","  50.0","24","  32.3","24","1023.9","16","988.1","16","  6.2"," 8","  7.2","24"," 13.0","999.9","  64.8"," ","  31.8","*"," 0.00","G","999.9","000000"
"94510099999","2019-05-31","-26.413334","146.2625","305.71","CHARLEVILLE, AS","  46.7","23","  26.5","23","1025.3","15","989.5","15","  6.2"," 8","  5.7","23"," 15.0","999.9","  60.3"," ","  31.8"," "," 0.00","G","999.9","000000"
"94510099999","2019-06-01","-26.413334","146.2625","305.71","CHARLEVILLE, AS","  48.6","24","  37.7","24","1025.3","16","989.1","16","  6.2"," 8","  3.4","24","  9.9","999.9","  61.3"," ","  34.2"," "," 0.00","G","999.9","000000"
"94510099999","2019-06-02","-26.413334","146.2625","305.71","CHARLEVILLE, AS","  49.7","24","  35.0","24","1023.6","16","987.4","16","  6.2"," 8","  2.8","24","  8.9","999.9","  65.7"," ","  35.4","*"," 0.00","G","999.9","000000"
"94510099999","2019-06-03","-26.413334","146.2625","305.71","CHARLEVILLE, AS","  48.0","24","  32.0","24","1022.2","16","986.1","16","  6.2"," 8","  5.4","24"," 11.1","999.9","  63.5"," ","  31.8","*"," 0.00","G","999.9","000000"
"94510099999","2019-06-04","-26.413334","146.2625","305.71","CHARLEVILLE, AS","  47.3","24","  32.6","24","1023.5","16","987.4","16","  6.2"," 8","  5.8","24"," 11.1","999.9","  61.2"," ","  31.6"," "," 0.00","G","999.9","000000"
"94510099999","2019-06-05","-26.413334","146.2625","305.71","CHARLEVILLE, AS","  48.1","24","  32.4","24","1027.7","16","991.4","16","  6.2"," 8","  6.3","24"," 14.0","999.9","  61.7"," ","  32.4"," "," 0.00","G","999.9","000000"
"94510099999","2019-06-06","-26.413334","146.2625","305.71","CHARLEVILLE, AS","  52.4","24","  33.8","24","1030.0","16","993.6","16","  6.2"," 8","  7.9","24"," 13.0","999.9","  66.2"," ","  35.1"," "," 0.00","G","999.9","000000"
"94510099999","2019-06-07","-26.413334","146.2625","305.71","CHARLEVILLE, AS","  61.1","24","  40.5","24","1027.7","16","991.4","16","  6.2"," 8","  6.5","24"," 14.0","999.9","  66.9"," ","  40.6"," "," 0.01","G","999.9","010000"
"94510099999","2019-06-08","-26.413334","146.2625","305.71","CHARLEVILLE, AS","  57.3","24","  49.1","24","1024.6","14","988.4","14","  5.2","10","  3.8","24","  8.0","999.9","  69.8"," ","  45.9","*"," 0.00","G","999.9","000000"
"94510099999","2019-06-09","-26.413334","146.2625","305.71","CHARLEVILLE, AS","  61.7","24","  50.4","24","1021.5","16","985.4","16","  6.2"," 8","  4.7","24","  8.0","999.9","  72.9"," ","  45.9"," "," 0.00","G","999.9","000000"
"94510099999","2019-06-10","-26.413334","146.2625","305.71","CHARLEVILLE, AS","  63.7","24","  51.8","24","1021.1","16","985.1","16","  6.2"," 8","  3.5","24","  9.9","999.9","  78.6"," ","  51.3"," "," 0.00","G","999.9","000000"
"94510099999","2019-06-11","-26.413334","146.2625","305.71","CHARLEVILLE, AS","  63.9","24","  46.6","24","1022.5","16","986.4","16","  6.2"," 8","  3.5","24","  7.0","999.9","  79.3"," ","  46.4","*"," 0.00","G","999.9","000000"
"94510099999","2019-06-12","-26.413334","146.2625","305.71","CHARLEVILLE, AS","  63.0","24","  46.8","24","1020.5","16","984.4","16","  6.2"," 8","  6.1","24"," 15.0","999.9","  77.0"," ","  46.4"," "," 0.00","G","999.9","000000"
"94510099999","2019-06-13","-26.413334","146.2625","305.71","CHARLEVILLE, AS","  64.8","24","  50.8","24","1018.8","16","982.8","16","  6.2"," 8","  3.8","24","  8.9","999.9","  78.8"," ","  52.2"," "," 0.00","G","999.9","000000"
"94510099999","2019-06-14","-26.413334","146.2625","305.71","CHARLEVILLE, AS","  64.3","24","  50.5","24","1018.8","16","982.8","16","  6.2"," 8","  4.9","24","  8.9","999.9","  78.4"," ","  50.0","*"," 0.00","G","999.9","000000"
"94510099999","2019-06-15","-26.413334","146.2625","305.71","CHARLEVILLE, AS","  57.0","24","  40.8","24","1019.4","16","983.4","16","  6.2"," 8","  4.7","24","  9.9","999.9","  72.9"," ","  42.8","*"," 0.00","G","999.9","000000"
"94510099999","2019-06-16","-26.413334","146.2625","305.71","CHARLEVILLE, AS","  54.8","24","  36.5","24","1020.4","16","984.4","16","  6.2"," 8","  5.4","24"," 12.0","999.9","  70.7"," ","  35.6","*"," 0.00","G","999.9","000000"
"94510099999","2019-06-17","-26.413334","146.2625","305.71","CHARLEVILLE, AS","  50.3","24","  33.4","24","1021.4","16","985.4","16","  6.2"," 8","  4.6","24"," 11.1","999.9","  65.7"," ","  33.8","*"," 0.00","G","999.9","000000"
"94510099999","2019-06-18","-26.413334","146.2625","305.71","CHARLEVILLE, AS","  50.0","24","  30.7","24","1021.6","16","985.5","16","  6.2"," 8","  4.1","24","  8.9","999.9","  66.2","*","  33.4","*"," 0.00","G","999.9","000000"
"94510099999","2019-06-19","-26.413334","146.2625","305.71","CHARLEVILLE, AS","  50.1","24","  31.9","24","1022.4","16","986.3","16","  6.2"," 8","  5.4","24","  9.9","999.9","  64.8"," ","  33.3"," "," 0.00","G","999.9","000000"
"94510099999","2019-06-20","-26.413334","146.2625","305.71","CHARLEVILLE, AS","  46.3","24","  27.9","24","1023.9","16","987.7","16","  6.2"," 8","  5.0","24","  8.9","999.9","  62.1"," ","  28.4","*"," 0.00","G","999.9","000000"
"94510099999","2019-06-21","-26.413334","146.2625","305.71","CHARLEVILLE, AS","  42.8","24","  24.6","24","1024.5","16","988.3","16","  6.2"," 8","  5.6","24"," 11.1","999.9","  57.7"," ","  26.6","*"," 0.00","G","999.9","000000"
"94510099999","2019-06-22","-26.413334","146.2625","305.71","CHARLEVILLE, AS","  42.5","24","  20.9","24","1023.0","16","986.9","16","  6.2"," 8","  4.5","24"," 11.1","999.9","  60.4"," ","  24.8","*"," 0.00","G","999.9","000000"
"94510099999","2019-06-23","-26.413334","146.2625","305.71","CHARLEVILLE, AS","  45.3","24","  22.7","24","1023.1","16","987.0","16","  6.2"," 8","  4.5","24","  8.9","999.9","  63.1"," ","  25.7"," "," 0.00","G","999.9","000000"
"94510099999","2019-06-24","-26.413334","146.2625","305.71","CHARLEVILLE, AS","  50.3","24","  25.8","24","1025.7","16","989.5","16","  6.2"," 8","  5.8","24"," 15.0","999.9","  65.1"," ","  28.2"," "," 0.00","G","999.9","000000"
"94510099999","2019-06-25","-26.413334","146.2625","305.71","CHARLEVILLE, AS","  56.1","24","  42.6","24","1025.7","16","989.5","16","  6.2"," 8","  6.7","24"," 13.0","999.9","  66.4"," ","  39.6"," "," 0.00","G","999.9","000000"
"94510099999","2019-06-26","-26.413334","146.2625","305.71","CHARLEVILLE, AS","  59.1","24","  47.1","24","1026.1","16","989.9","16","  6.2"," 8","  7.8","24"," 15.0"," 25.1","  68.4"," ","  45.5"," "," 0.00","G","999.9","000000"
"94510099999","2019-06-27","-26.413334","146.2625","305.71","CHARLEVILLE, AS","  61.4","24","  48.5","24","1025.8","16","989.6","16","  6.2"," 8","  8.5","24"," 15.0","999.9","  72.3"," ","  48.6"," "," 0.00","G","999.9","000000"
"94510099999","2019-06-28","-26.413334","146.2625","305.71","CHARLEVILLE, AS","  63.4","24","  43.8","24","1024.0","16","987.8","16","  6.2"," 8","  7.7","24"," 15.0","999.9","  75.2"," ","  50.9","*"," 0.00","G","999.9","000000"
"94510099999","2019-06-29","-26.413334","146.2625","305.71","CHARLEVILLE, AS","  58.7","24","  38.8","24","1022.1","16","986.0","16","  6.2"," 8","  4.1","24"," 13.0"," 14.0","  74.7"," ","  44.2","*"," 0.00","G","999.9","000000"
"94510099999","2019-06-30","-26.413334","146.2625","305.71","CHARLEVILLE, AS","  54.9","24","  35.0","24","1022.7","16","986.6","16","  6.2"," 8","  4.4","24","  9.9","999.9","  73.4","*","  37.2","*"," 0.00","G","999.9","000000"
"94510099999","2019-07-01","-26.413334","146.2625","305.71","CHARLEVILLE, AS","  57.2","24","  37.3","24","1020.5","16","984.3","16","  6.2"," 8","  3.5","24","  8.9","999.9","  73.6"," ","  37.0"," "," 0.00","G","999.9","000000"
"94510099999","2019-07-02","-26.413334","146.2625","305.71","CHARLEVILLE, AS","  57.1","24","  36.7","24","1021.0","16","984.8","16","  6.2"," 8","  2.7","24","  8.0","999.9","  75.2"," ","  40.6","*"," 0.00","G","999.9","000000"
"94510099999","2019-07-03","-26.413334","146.2625","305.71","CHARLEVILLE, AS","  63.1","24","  33.3","24","1023.3","16","987.0","16","  6.2"," 8","  6.4","24","  8.9","999.9","  74.5"," ","  40.1"," "," 0.01","G","999.9","010000"
"94510099999","2019-07-04","-26.413334","146.2625","305.71","CHARLEVILLE, AS","  63.0","24","  47.3","24","1024.5","15","988.2","15","  5.9"," 9","  9.0","24"," 13.0","999.9","  71.8"," ","  52.3"," "," 0.00","G","999.9","000000"
"94510099999","2019-07-05","-26.413334","146.2625","305.71","CHARLEVILLE, AS","  62.4","24","  48.6","24","1024.8","16","988.4","16","  6.2"," 8","  9.1","24"," 15.0"," 25.1","  69.3"," ","  55.4","*"," 0.00","G","999.9","000000"
"94510099999","2019-07-06","-26.413334","146.2625","305.71","CHARLEVILLE, AS","  64.1","24","  51.1","24","1025.8","16","989.4","16","  6.2"," 8","  8.1","24"," 15.0","999.9","  69.8","*","  55.9"," "," 0.01","G","999.9","000000"
"94510099999","2019-07-07","-26.413334","146.2625","305.71","CHARLEVILLE, AS","  64.0","24","  54.6","24","1025.2","11","988.9","11","  5.4","14","  3.9","24","  9.9"," 14.0","  72.3"," ","  58.6"," "," 0.04","G","999.9","010000"
"94510099999","2019-07-08","-26.413334","146.2625","305.71","CHARLEVILLE, AS","  59.2","24","  52.7","24","1023.7","13","987.4","13","  3.9","12","  4.7","24","  9.9","999.9","  70.3"," ","  48.2","*"," 0.01","G","999.9","000000"
"94510099999","2019-07-09","-26.413334","146.2625","305.71","CHARLEVILLE, AS","  56.0","24","  46.6","24","1020.9","16","984.8","16","  6.2"," 8","  3.2","24","  7.0","999.9","  70.7"," ","  44.4","*"," 0.01","G","999.9","010000"
"94510099999","2019-07-10","-26.413334","146.2625","305.71","CHARLEVILLE, AS","  55.6","24","  38.7","24","1020.7","16","984.5","16","  6.2"," 8","  3.2","24","  8.0","999.9","  72.1"," ","  42.8","*"," 0.00","G","999.9","000000"
"94510099999","2019-07-11","-26.413334","146.2625","305.71","CHARLEVILLE, AS","  55.1","24","  31.6","24","1022.4","16","986.2","16","  6.2"," 8","  3.4","24","  9.9","999.9","  74.7"," ","  39.2","*"," 0.00","G","999.9","000000"
"94510099999","2019-07-12","-26.413334","146.2625","305.71","CHARLEVILLE, AS","  55.0","24","  36.6","24","1021.6","16","985.4","16","  5.8"," 8","  2.7","24","  8.9","999.9","  72.7"," ","  39.2"," "," 0.00","G","999.9","000000"
"94510099999","2019-07-13","-26.413334","146.2625","305.71","CHARLEVILLE, AS","  52.6","24","  33.7","24","1025.1","16","988.8","16","  6.2"," 8","  8.1","24"," 14.0","999.9","  66.2"," ","  35.2","*"," 0.00","G","999.9","000000"
"94510099999","2019-07-14","-26.413334","146.2625","305.71","CHARLEVILLE, AS","  45.1","24","  25.9","24","1026.3","16","989.9","16","  6.2"," 8","  5.7","24"," 14.0","999.9","  60.6"," ","  28.4","*"," 0.00","G","999.9","000000"
"94510099999","2019-07-15","-26.413334","146.2625","305.71","CHARLEVILLE, AS","  48.0","24","  33.2","24","1024.5","16","988.2","16","  6.2"," 8","  4.8","24"," 13.0","999.9","  63.5"," ","  28.8"," "," 0.00","G","999.9","000000"
"94510099999","2019-07-16","-26.413334","146.2625","305.71","CHARLEVILLE, AS","  50.0","24","  35.2","24","1023.8","16","987.5","16","  6.2"," 8","  5.5","24"," 11.1","999.9","  65.7"," ","  33.8","*"," 0.00","G","999.9","000000"
"94510099999","2019-07-17","-26.413334","146.2625","305.71","CHARLEVILLE, AS","  48.1","24","  31.7","24","1022.2","16","986.0","16","  6.2"," 8","  3.2","24"," 12.0","999.9","  67.3"," ","  31.6","*"," 0.00","G","999.9","000000"
"94510099999","2019-07-18","-26.413334","146.2625","305.71","CHARLEVILLE, AS","  49.5","24","  30.5","24","1021.5","16","985.3","16","  6.2"," 8","  3.1","24","  8.0","999.9","  68.0","*","  31.3"," "," 0.00","G","999.9","000000"
"94510099999","2019-07-19","-26.413334","146.2625","305.71","CHARLEVILLE, AS","  51.7","24","  29.5","24","1021.5","16","985.4","16","  6.2"," 8","  4.0","24","  9.9","999.9","  68.7"," ","  33.4"," "," 0.00","G","999.9","000000"
"94510099999","2019-07-20","-26.413334","146.2625","305.71","CHARLEVILLE, AS","  56.1","24","  28.1","24","1019.9","16","983.8","16","  6.2"," 8","  6.0","24"," 11.1","999.9","  73.4","*","  34.0"," "," 0.00","G","999.9","000000"
"94510099999","2019-07-21","-26.413334","146.2625","305.71","CHARLEVILLE, AS","  57.7","24","  37.5","24","1017.4","16","981.3","16","  6.2"," 8","  5.8","24"," 17.1","999.9","  74.8"," ","  44.4","*"," 0.00","G","999.9","000000"
"94510099999","2019-07-22","-26.413334","146.2625","305.71","CHARLEVILLE, AS","  58.2","24","  35.2","24","1018.6","16","982.5","16","  6.2"," 8","  3.1","24","  9.9","999.9","  78.4"," ","  41.0","*"," 0.00","G","999.9","000000"
"94510099999","2019-07-23","-26.413334","146.2625","305.71","CHARLEVILLE, AS","  56.9","24","  26.9","24","1022.4","16","986.1","16","  6.2"," 8","  2.2","24","  8.0","999.9","  79.0"," ","  35.6","*"," 0.00","G","999.9","000000"
"94510099999","2019-07-24","-26.413334","146.2625","305.71","CHARLEVILLE, AS","  55.9","24","  26.4","24","1024.3","15","988.1","15","  6.2"," 9","  3.7","24","  8.9","999.9","  75.7"," ","  35.4"," "," 0.00","G","999.9","000000"
"94510099999","2019-07-25","-26.413334","146.2625","305.71","CHARLEVILLE, AS","  56.2","24","  33.3","24","1022.9","15","986.7","15","  5.7"," 9","  3.2","24","  8.9","999.9","  75.4"," ","  37.8"," "," 0.00","G","999.9","000000"
"94510099999","2019-07-26","-26.413334","146.2625","305.71","CHARLEVILLE, AS","  59.2","24","  32.1","24","1021.8","16","985.6","16","  6.2"," 8","  3.8","24","  8.0","999.9","  77.4"," ","  39.0"," "," 0.00","G","999.9","000000"
"94510099999","2019-07-27","-26.413334","146.2625","305.71","CHARLEVILLE, AS","  58.8","24","  32.1","24","1023.2","16","986.9","16","  6.2"," 8","  4.8","24","  8.9","999.9","  76.3"," ","  40.5","*"," 0.00","G","999.9","000000"
"94510099999","2019-07-28","-26.413334","146.2625","305.71","CHARLEVILLE, AS","  55.5","24","  31.0","24","1022.7","16","986.5","16","  6.2"," 8","  3.5","24","  9.9","999.9","  73.4","*","  37.2","*"," 0.00","G","999.9","000000"
"94510099999","2019-07-29","-26.413334","146.2625","305.71","CHARLEVILLE, AS","  55.6","24","  28.1","24","1021.3","16","985.1","16","  6.2"," 8","  3.3","24"," 11.1","999.9","  75.2","*","  37.2"," "," 0.00","G","999.9","000000"
"94510099999","2019-07-30","-26.413334","146.2625","305.71","CHARLEVILLE, AS","  59.4","24","  33.8","24","1022.7","16","986.5","16","  6.2"," 8","  5.7","24","  9.9","999.9","  75.7"," ","  38.1"," "," 0.00","G","999.9","000000"
"94510099999","2019-07-31","-26.413334","146.2625","305.71","CHARLEVILLE, AS","  59.3","24","  36.0","24","1024.3","16","988.1","16","  6.2"," 8","  6.1","24","  8.9","999.9","  74.7"," ","  41.5"," "," 0.00","G","999.9","000000"
"94510099999","2019-08-01","-26.413334","146.2625","305.71","CHARLEVILLE, AS","  57.8","24","  38.5","24","1026.1","16","990.0","16","  6.2"," 8","  5.1","24"," 13.0","999.9","  71.8"," ","  42.6","*"," 0.00","G","999.9","000000"
"94510099999","2019-08-02","-26.413334","146.2625","305.71","CHARLEVILLE, AS","  59.2","24","  36.9","24","1027.6","16","991.4","16","  6.2"," 8","  7.2","24"," 12.0","999.9","  71.8"," ","  42.6"," "," 0.00","G","999.9","000000"
"94510099999","2019-08-03","-26.413334","146.2625","305.71","CHARLEVILLE, AS","  55.7","24","  28.7","24","1028.0","16","991.8","16","  6.2"," 8","  5.5","24"," 14.0","999.9","  72.3"," ","  35.6","*"," 0.00","G","999.9","000000"
"94510099999","2019-08-04","-26.413334","146.2625","305.71","CHARLEVILLE, AS","  54.0","24","  21.8","24","1025.3","16","989.2","16","  6.2"," 8","  3.7","24","  8.0","999.9","  72.5"," ","  35.6","*"," 0.00","G","999.9","000000"
"94510099999","2019-08-05","-26.413334","146.2625","305.71","CHARLEVILLE, AS","  55.9","24","  27.0","24","1022.2","16","986.2","16","  6.2"," 8","  3.4","24","  8.0","999.9","  74.1"," ","  36.0"," "," 0.00","G","999.9","000000"
"94510099999","2019-08-06","-26.413334","146.2625","305.71","CHARLEVILLE, AS","  58.3","24","  31.0","24","1017.4","16","981.6","16","  6.2"," 8","  3.0","24","  8.0","999.9","  74.3"," ","  37.9"," "," 0.00","G","999.9","000000"
"94510099999","2019-08-07","-26.413334","146.2625","305.71","CHARLEVILLE, AS","  60.2","24","  35.2","24","1012.9","16","977.2","16","  6.2"," 8","  5.6","24"," 14.0","999.9","  76.3"," ","  44.6","*"," 0.00","G","999.9","000000"
"94510099999","2019-08-08","-26.413334","146.2625","305.71","CHARLEVILLE, AS","  57.9","24","  24.4","24","1015.0","16","979.3","16","  6.2"," 8","  7.0","24"," 17.1","999.9","  77.5"," ","  35.6","*"," 0.00","G","999.9","000000"
"94510099999","2019-08-09","-26.413334","146.2625","305.71","CHARLEVILLE, AS","  56.0","24","  29.1","24","1015.1","16","979.4","16","  6.2"," 8","  6.5","24"," 12.0"," 22.0","  69.8","*","  35.4"," "," 0.00","G","999.9","000000"
"94510099999","2019-08-10","-26.413334","146.2625","305.71","CHARLEVILLE, AS","  49.6","24","  24.9","24","1017.9","16","982.0","16","  6.2"," 8","  7.4","24"," 15.9"," 27.0","  65.1"," ","  31.3","*"," 0.00","G","999.9","000000"
"94510099999","2019-08-11","-26.413334","146.2625","305.71","CHARLEVILLE, AS","  49.3","24","  22.6","24","1019.6","16","983.7","16","  6.2"," 8","  5.4","24"," 15.0","999.9","  64.9"," ","  31.1"," "," 0.00","G","999.9","000000"
"94510099999","2019-08-12","-26.413334","146.2625","305.71","CHARLEVILLE, AS","  47.9","24","  22.0","24","1023.3","16","987.2","16","  6.2"," 8","  3.9","24","  8.0","999.9","  63.1"," ","  32.0","*"," 2.44","G","999.9","010000"
"94510099999","2019-08-13","-26.413334","146.2625","305.71","CHARLEVILLE, AS","  51.8","24","  24.4","24","1024.9","16","988.8","16","  6.2"," 8","  3.7","24","  8.9","999.9","  68.9"," ","  31.5"," "," 0.00","G","999.9","000000"
"94510099999","2019-08-14","-26.413334","146.2625","305.71","CHARLEVILLE, AS","  55.4","24","  20.7","24","1024.7","16","988.6","16","  6.2"," 8","  3.5","24"," 11.1","999.9","  74.3"," ","  34.3"," "," 0.00","G","999.9","000000"
"94510099999","2019-08-15","-26.413334","146.2625","305.71","CHARLEVILLE, AS","  61.8","24","  31.7","24","1022.8","16","986.8","16","  6.2"," 8","  4.0","24","  8.0","999.9","  76.6"," ","  39.0"," "," 0.00","G","999.9","000000"
"94510099999","2019-08-16","-26.413334","146.2625","305.71","CHARLEVILLE, AS","  66.2","24","  41.6","24","1019.5","16","983.6","16","  6.2"," 8","  4.0","24"," 13.0","999.9","  78.8"," ","  46.9"," "," 0.00","G","999.9","000000"
"94510099999","2019-08-17","-26.413334","146.2625","305.71","CHARLEVILLE, AS","  67.4","24","  37.0","24","1017.6","16","981.8","16","  6.2"," 8","  5.0","24"," 11.1","999.9","  81.9"," ","  55.0","*"," 0.00","G","999.9","000000"
"94510099999","2019-08-18","-26.413334","146.2625","305.71","CHARLEVILLE, AS","  69.5","24","  28.4","24","1017.6","16","981.8","16","  6.2"," 8","  8.2","24"," 15.9","999.9","  86.4"," ","  51.8","*"," 0.00","G","999.9","000000"
"94510099999","2019-08-19","-26.413334","146.2625","305.71","CHARLEVILLE, AS","  54.5","24","  20.6","24","1025.8","16","989.7","16","  6.2"," 8","  8.9","24"," 15.0","999.9","  68.4"," ","  39.2","*"," 0.00","G","999.9","000000"
"94510099999","2019-08-20","-26.413334","146.2625","305.71","CHARLEVILLE, AS","  49.4","24","  18.5","24","1027.6","16","991.4","16","  6.2"," 8","  6.4","24"," 15.9","999.9","  66.2"," ","  33.1","*"," 0.00","G","999.9","000000"
"94510099999","2019-08-21","-26.413334","146.2625","305.71","CHARLEVILLE, AS","  53.7","24","  23.3","24","1024.2","16","988.2","16","  6.2"," 8","  4.5","24"," 11.1","999.9","  71.6","*","  32.5"," "," 0.00","G","999.9","000000"
"94510099999","2019-08-22","-26.413334","146.2625","305.71","CHARLEVILLE, AS","  57.2","24","  32.6","24","1022.5","16","986.5","16","  6.2"," 8","  7.0","24"," 15.0","999.9","  72.9"," ","  36.1"," "," 0.00","G","999.9","000000"
"94510099999","2019-08-23","-26.413334","146.2625","305.71","CHARLEVILLE, AS","  57.0","24","  28.1","24","1021.8","16","985.8","16","  6.2"," 8","  5.9","24"," 12.0","999.9","  72.5"," ","  39.6"," "," 0.00","G","999.9","000000"
"94510099999","2019-08-24","-26.413334","146.2625","305.71","CHARLEVILLE, AS","  65.4","24","  41.2","24","1018.9","16","983.1","16","  6.2"," 8","  6.2","24"," 13.0","999.9","  78.8","*","  43.0"," "," 0.00","G","999.9","000000"
"94510099999","2019-08-25","-26.413334","146.2625","305.71","CHARLEVILLE, AS","  65.1","24","  34.7","24","1017.9","16","982.1","16","  6.2"," 8","  4.5","24","  9.9","999.9","  81.0"," ","  49.3","*"," 0.00","G","999.9","000000"
"94510099999","2019-08-26","-26.413334","146.2625","305.71","CHARLEVILLE, AS","  66.1","24","  30.5","24","1018.4","16","982.5","16","  6.2"," 8","  6.5","24"," 13.0","999.9","  79.9"," ","  48.6"," "," 0.00","G","999.9","000000"
"94510099999","2019-08-27","-26.413334","146.2625","305.71","CHARLEVILLE, AS","  61.7","24","  34.2","24","1019.2","16","983.3","16","  6.2"," 8","  7.8","24"," 12.0","999.9","  74.5"," ","  50.9","*"," 0.00","G","999.9","000000"
"94510099999","2019-08-28","-26.413334","146.2625","305.71","CHARLEVILLE, AS","  60.4","24","  31.4","24","1020.4","16","984.5","16","  6.2"," 8","  6.8","24"," 14.0","999.9","  76.6"," ","  45.5","*"," 0.00","G","999.9","000000"
"94510099999","2019-08-29","-26.413334","146.2625","305.71","CHARLEVILLE, AS","  56.7","24","  23.1","24","1021.1","16","985.2","16","  6.2"," 8","  5.9","24"," 11.1","999.9","  72.5"," ","  38.5","*"," 0.00","G","999.9","000000"
"94510099999","2019-08-30","-26.413334","146.2625","305.71","CHARLEVILLE, AS","  54.3","24","  20.8","24","1020.3","16","984.4","16","  6.2"," 8","  4.4","24"," 11.1","999.9","  71.2"," ","  35.1","*"," 0.00","G","999.9","000000"
"94510099999","2019-08-31","-26.413334","146.2625","305.71","CHARLEVILLE, AS","  57.0","24","  19.3","24","1019.5","16","983.6","16","  6.2"," 8","  4.1","24"," 11.1"," 22.0","  75.2"," ","  34.2"," "," 0.00","G","999.9","000000"
"94510099999","2019-09-01","-26.413334","146.2625","305.71","CHARLEVILLE, AS","  60.7","24","  19.0","24","1020.3","16","984.9","16","  6.2"," 8","  3.6","24","  9.9","999.9","  81.0"," ","  37.4"," "," 0.00","G","999.9","000000"
"94510099999","2019-09-02","-26.413334","146.2625","305.71","CHARLEVILLE, AS","  62.2","24","  19.1","24","1020.4","16","985.0","16","  6.2"," 8","  3.8","24"," 11.1","999.9","  83.3"," ","  39.9"," "," 0.00","G","999.9","000000"
"94510099999","2019-09-03","-26.413334","146.2625","305.71","CHARLEVILLE, AS","  66.3","24","  18.1","24","1018.6","16","983.2","16","  6.2"," 8","  3.0","24","  7.0","999.9","  87.3"," ","  39.7"," "," 0.00","G","999.9","000000"
"94510099999","2019-09-04","-26.413334","146.2625","305.71","CHARLEVILLE, AS","  67.8","24","  17.4","24","1016.3","16","981.0","16","  6.2"," 8","  4.2","24","  8.0","999.9","  89.8"," ","  48.6"," "," 0.00","G","999.9","000000"
"94510099999","2019-09-05","-26.413334","146.2625","305.71","CHARLEVILLE, AS","  71.4","24","  13.5","24","1013.3","16","978.2","16","  6.2"," 8","  5.9","24"," 19.0","999.9","  91.0"," ","  48.9"," "," 0.00","G","999.9","000000"
"94510099999","2019-09-06","-26.413334","146.2625","305.71","CHARLEVILLE, AS","  70.3","24","  24.2","24","1016.4"," 8","981.1"," 8","  5.1","17"," 11.6","24"," 22.9"," 35.0","  93.0"," ","  50.0","*"," 0.00","G","999.9","000000"
"94510099999","2019-09-07","-26.413334","146.2625","305.71","CHARLEVILLE, AS","  57.3","24","  21.9","24","1020.3","13","984.9","13","  4.4","11","  5.8","24"," 12.0","999.9","  72.1"," ","  42.4","*"," 0.00","G","999.9","000000"
"94510099999","2019-09-08","-26.413334","146.2625","305.71","CHARLEVILLE, AS","  58.8","24","  22.1","24","1020.3","16","984.8","16","  6.2"," 8","  7.4","24"," 14.0"," 24.1","  72.0"," ","  40.6"," "," 0.00","G","999.9","000000"
"94510099999","2019-09-09","-26.413334","146.2625","305.71","CHARLEVILLE, AS","  57.6","23","  20.9","23","1022.0","16","986.5","16","  6.2"," 7","  8.9","23"," 15.9"," 28.9","  71.1"," ","  41.0","*"," 0.00","G","999.9","000000"
"94510099999","2019-09-10","-26.413334","146.2625","305.71","CHARLEVILLE, AS","  54.2","24","  16.5","24","1025.6","16","990.0","16","  6.2"," 8","  5.6","24"," 14.0","999.9","  70.2"," ","  35.6","*"," 0.00","G","999.9","000000"
"94510099999","2019-09-11","-26.413334","146.2625","305.71","CHARLEVILLE, AS","  59.1","24","  18.8","24","1026.4","16","990.7","16","  6.2"," 8","  5.6","24"," 13.0","999.9","  77.0","*","  35.2"," "," 0.00","G","999.9","000000"
"94510099999","2019-09-12","-26.413334","146.2625","305.71","CHARLEVILLE, AS","  61.9","23","  20.7","23","1023.8","16","988.3","16","  6.2"," 7","  3.3","23"," 11.1","999.9","  80.6"," ","  39.9"," "," 0.00","G","999.9","000000"
"94510099999","2019-09-13","-26.413334","146.2625","305.71","CHARLEVILLE, AS","  63.9","24","  14.2","24","1022.2","15","986.7","15","  5.9"," 9","  4.1","24"," 11.1","999.9","  85.5"," ","  41.0"," "," 0.00","G","999.9","000000"
"94510099999","2019-09-14","-26.413334","146.2625","305.71","CHARLEVILLE, AS","  66.6","24","  15.9","24","1022.0","16","986.5","16","  5.8"," 8","  5.6","24"," 11.1","999.9","  85.6"," ","  42.1"," "," 0.00","G","999.9","000000"
"94510099999","2019-09-15","-26.413334","146.2625","305.71","CHARLEVILLE, AS","  67.7","24","  17.8","24","1020.0","16","984.6","16","  6.2"," 8","  4.8","24"," 15.0","999.9","  87.6"," ","  44.4"," "," 0.00","G","999.9","000000"
"94510099999","2019-09-16","-26.413334","146.2625","305.71","CHARLEVILLE, AS","  71.9","23","  25.2","23","1016.6","16","981.3","16","  6.2"," 7","  7.1","23"," 15.9","999.9","  89.6"," ","  47.5"," "," 0.00","G","999.9","000000"
"94510099999","2019-09-17","-26.413334","146.2625","305.71","CHARLEVILLE, AS","  64.9","24","  22.6","24","1019.5","15","984.1","15","  6.2"," 9","  8.7","24"," 17.1"," 27.0","  85.1"," ","  38.8","*"," 0.00","G","999.9","000000"
"94510099999","2019-09-18","-26.413334","146.2625","305.71","CHARLEVILLE, AS","  59.7","20","  27.5","20","1020.6","13","985.2","13","  6.2"," 7","  4.4","20"," 11.1","999.9","  78.1"," ","  38.8"," "," 0.00","G","999.9","000000"
"94510099999","2019-09-19","-26.413334","146.2625","305.71","CHARLEVILLE, AS","  70.3","24","  26.8","24","1017.8","16","982.4","16","  6.2"," 8","  5.8","24"," 15.9"," 27.0","  86.2"," ","  44.1"," "," 0.00","G","999.9","000000"
"94510099999","2019-09-20","-26.413334","146.2625","305.71","CHARLEVILLE, AS","  76.8","24","  40.9","24","1017.5","15","982.2","15","  6.2"," 9"," 12.4","24"," 18.1"," 26.0","  90.1"," ","  55.4"," "," 0.00","G","999.9","000000"
"94510099999","2019-09-21","-26.413334","146.2625","305.71","CHARLEVILLE, AS","  72.4","19","  42.5","19","1020.1","13","984.7","13","  6.2"," 6","  7.7","19"," 18.1"," 27.0","  87.4"," ","  60.3","*"," 0.00","G","999.9","000000"
"94510099999","2019-09-22","-26.413334","146.2625","305.71","CHARLEVILLE, AS","  72.6","23","  35.2","23","1023.2","16","987.7","16","  6.2"," 7","  7.1","23"," 15.9","999.9","  88.5"," ","  59.0","*"," 0.00","G","999.9","000000"
"94510099999","2019-09-23","-26.413334","146.2625","305.71","CHARLEVILLE, AS","  65.8","23","  22.3","23","1024.5","16","989.0","16","  6.2"," 7","  7.1","23"," 14.0","999.9","  80.8","*","  51.4","*"," 0.00","B","999.9","000000"
"94510099999","2019-09-24","-26.413334","146.2625","305.71","CHARLEVILLE, AS","  66.9","24","  19.9","24","1024.5","16","988.9","16","  6.2"," 8","  7.3","24"," 12.0","999.9","  74.5"," ","  60.8","*"," 0.00","G","999.9","000000"
"94510099999","2019-09-25","-26.413334","146.2625","305.71","CHARLEVILLE, AS","  69.6","24","  31.1","24","1023.2","16","987.7","16","  6.2"," 8","  7.5","24"," 13.0","999.9","  80.8"," ","  61.0"," "," 0.00","G","999.9","000000"
"94510099999","2019-09-26","-26.413334","146.2625","305.71","CHARLEVILLE, AS","  66.0","24","  53.2","24","1020.6","16","985.2","16","  6.2"," 8","  6.1","24"," 12.0","999.9","  77.5"," ","  59.0","*"," 0.04","G","999.9","010000"
"94510099999","2019-09-27","-26.413334","146.2625","305.71","CHARLEVILLE, AS","  73.2","24","  54.8","24","1017.6","15","982.3","15","  6.2"," 9","  6.6","24"," 17.1","999.9","  85.5"," ","  59.2"," "," 0.02","G","999.9","000000"
"94510099999","2019-09-28","-26.413334","146.2625","305.71","CHARLEVILLE, AS","  70.8","24","  37.3","24","1017.1","16","981.8","16","  6.2"," 8","  4.1","24","  8.9","999.9","  88.3"," ","  51.1","*"," 0.00","G","999.9","000000"
"94510099999","2019-09-29","-26.413334","146.2625","305.71","CHARLEVILLE, AS","  73.8","24","  25.8","24","1019.3","16","983.9","16","  6.2"," 8","  6.7","24"," 12.0","999.9","  90.0"," ","  50.9"," "," 0.00","G","999.9","000000"
"94510099999","2019-09-30","-26.413334","146.2625","305.71","CHARLEVILLE, AS","  70.9","24","  27.5","24","1021.2","16","985.8","16","  6.2"," 8","  6.6","24"," 13.0","999.9","  86.4"," ","  51.6","*"," 0.00","G","999.9","000000"
"94510099999","2019-10-01","-26.413334","146.2625","305.71","CHARLEVILLE, AS","  71.7","24","  33.2","24","1022.6","16","987.6","16","  6.2"," 8","  7.8","24"," 13.0","999.9","  84.9"," ","  51.4"," "," 0.00","G","999.9","000000"
"94510099999","2019-10-02","-26.413334","146.2625","305.71","CHARLEVILLE, AS","  73.8","20","  41.2","20","1022.8","14","987.8","14","  6.2"," 6","  7.6","20"," 15.0","999.9","  84.4"," ","  58.5"," "," 0.00","G","999.9","000000"
"94510099999","2019-10-03","-26.413334","146.2625","305.71","CHARLEVILLE, AS","  72.7","24","  32.8","24","1021.2","16","986.3","16","  6.2"," 8","  6.2","24"," 11.1","999.9","  86.2"," ","  55.4","*"," 0.00","G","999.9","000000"
"94510099999","2019-10-04","-26.413334","146.2625","305.71","CHARLEVILLE, AS","  74.8","24","  28.4","24","1019.2","16","984.4","16","  6.2"," 8","  5.9","24"," 13.0","999.9","  91.4"," ","  55.4"," "," 0.00","G","999.9","000000"
"94510099999","2019-10-05","-26.413334","146.2625","305.71","CHARLEVILLE, AS","  78.1","24","  30.7","24","1017.0","16","982.2","16","  6.2"," 8","  4.7","24"," 14.0","999.9","  95.2"," ","  60.6"," "," 0.00","G","999.9","000000"
"94510099999","2019-10-06","-26.413334","146.2625","305.71","CHARLEVILLE, AS","  80.4","24","  31.5","24","1015.1","16","980.4","16","  6.2"," 8","  4.4","24"," 12.0","999.9","  98.2"," ","  62.1"," "," 0.00","G","999.9","000000"
"94510099999","2019-10-07","-26.413334","146.2625","305.71","CHARLEVILLE, AS","  84.4","24","  32.5","24","1013.2","16","978.5","16","  6.2"," 8","  5.1","24"," 11.1"," 21.0"," 100.2"," ","  65.1"," "," 0.00","G","999.9","000000"
"94510099999","2019-10-08","-26.413334","146.2625","305.71","CHARLEVILLE, AS","  73.0","24","  27.8","24","1017.1","16","982.3","16","  6.2"," 8"," 10.4","24"," 17.1","999.9","  91.0"," ","  51.8","*"," 0.00","G","999.9","000000"
"94510099999","2019-10-09","-26.413334","146.2625","305.71","CHARLEVILLE, AS","  63.5","24","  19.4","24","1018.5","16","983.6","16","  6.2"," 8","  6.3","24"," 13.0","999.9","  79.5"," ","  46.4","*"," 0.00","G","999.9","000000"
"94510099999","2019-10-10","-26.413334","146.2625","305.71","CHARLEVILLE, AS","  65.5","24","  17.6","24","1015.3","16","980.6","16","  6.2"," 8","  4.0","24","  9.9"," 20.0","  81.7"," ","  45.5"," "," 0.00","G","999.9","000000"
"94510099999","2019-10-11","-26.413334","146.2625","305.71","CHARLEVILLE, AS","  68.6","24","  20.6","24","1011.7","16","977.1","16","  6.2"," 8","  5.1","24","  9.9","999.9","  82.9"," ","  44.8"," "," 0.00","G","999.9","000000"
"94510099999","2019-10-12","-26.413334","146.2625","305.71","CHARLEVILLE, AS","  66.3","24","  17.2","24","1013.1","16","978.4","16","  6.2"," 8","  4.6","24"," 11.1"," 15.9","  82.6"," ","  48.0"," "," 0.00","G","999.9","000000"
"94510099999","2019-10-13","-26.413334","146.2625","305.71","CHARLEVILLE, AS","  77.1","24","  22.5","24","1013.2","16","978.6","16","  6.2"," 8","  7.5","24"," 18.1","999.9","  90.1"," ","  48.6"," "," 0.00","G","999.9","000000"
"94510099999","2019-10-14","-26.413334","146.2625","305.71","CHARLEVILLE, AS","  86.1","24","  27.0","24","1010.8","13","976.2","13","  6.2","11"," 10.7","24"," 22.9"," 41.0"," 101.5"," ","  65.1"," "," 0.00","G","999.9","000000"
"94510099999","2019-10-15","-26.413334","146.2625","305.71","CHARLEVILLE, AS","  80.2","24","  26.8","24","1010.3","16","975.7","16","  6.2"," 8","  5.2","24"," 12.0","999.9","  98.2"," ","  62.6","*"," 0.00","G","999.9","000000"
"94510099999","2019-10-16","-26.413334","146.2625","305.71","CHARLEVILLE, AS","  87.9","24","  40.2","24","1009.2","14","974.7","14","  6.2","10","  9.7","24"," 22.9"," 33.0"," 104.4"," ","  63.0"," "," 0.00","G","999.9","000000"
"94510099999","2019-10-17","-26.413334","146.2625","305.71","CHARLEVILLE, AS","  80.6","24","  29.5","24","1013.8","16","979.1","16","  6.2"," 8","  9.8","24"," 15.0"," 24.1","  97.5"," ","  65.5","*"," 0.00","G","999.9","000000"
"94510099999","2019-10-18","-26.413334","146.2625","305.71","CHARLEVILLE, AS","  74.8","24","  19.5","24","1014.7","15","980.0","15","  6.2"," 9","  5.9","24"," 12.0","999.9","  92.7"," ","  53.6","*"," 0.00","G","999.9","000000"
"94510099999","2019-10-19","-26.413334","146.2625","305.71","CHARLEVILLE, AS","  72.6","24","  12.3","24","1017.3","16","982.5","16","  6.2"," 8","  7.2","24"," 15.0","999.9","  89.8"," ","  53.1"," "," 0.00","G","999.9","000000"
"94510099999","2019-10-20","-26.413334","146.2625","305.71","CHARLEVILLE, AS","  69.4","24","  20.6","24","1019.9","16","985.0","16","  6.2"," 8","  8.5","24"," 15.0"," 17.1","  84.7"," ","  52.9","*"," 0.00","G","999.9","000000"
"94510099999","2019-10-21","-26.413334","146.2625","305.71","CHARLEVILLE, AS","  72.3","24","  18.9","24","1019.4","16","984.5","16","  6.2"," 8","  7.1","24"," 13.0","999.9","  86.5"," ","  52.7"," "," 0.00","G","999.9","000000"
"94510099999","2019-10-22","-26.413334","146.2625","305.71","CHARLEVILLE, AS","  77.5","24","  34.9","24","1018.6","16","983.7","16","  6.2"," 8","  6.9","24"," 14.0","999.9","  89.6"," ","  60.4"," "," 0.00","G","999.9","000000"
"94510099999","2019-10-23","-26.413334","146.2625","305.71","CHARLEVILLE, AS","  79.1","24","  36.1","24","1017.1","16","982.3","16","  6.2"," 8","  7.6","24"," 15.0"," 18.1","  91.8"," ","  59.9"," "," 0.00","G","999.9","000000"
"94510099999","2019-10-24","-26.413334","146.2625","305.71","CHARLEVILLE, AS","  79.6","24","  35.1","24","1015.0","16","980.3","16","  6.2"," 8","  7.8","24"," 14.0","999.9","  92.1"," ","  66.2","*"," 0.00","G","999.9","000000"
"94510099999","2019-10-25","-26.413334","146.2625","305.71","CHARLEVILLE, AS","  79.2","23","  34.4","23","1012.1","14","977.5","14","  6.2"," 9","  7.4","23"," 17.1","999.9","  92.7"," ","  65.3"," "," 0.00","G","999.9","000000"
"94510099999","2019-10-26","-26.413334","146.2625","305.71","CHARLEVILLE, AS","  81.8","23","  29.4","23","1011.4","16","976.8","16","  6.2"," 7","  8.1","23"," 14.0","999.9","  96.8"," ","  65.5","*"," 0.00","G","999.9","000000"
"94510099999","2019-10-27","-26.413334","146.2625","305.71","CHARLEVILLE, AS","  77.2","24","  20.8","24","1014.0","16","979.3","16","  6.2"," 8","  7.7","24"," 12.0","999.9","  92.5"," ","  59.0","*"," 0.00","G","999.9","000000"
"94510099999","2019-10-28","-26.413334","146.2625","305.71","CHARLEVILLE, AS","  78.6","24","  19.5","24","1016.2","16","981.4","16","  6.2"," 8","  7.2","24"," 13.0","999.9","  90.1"," ","  57.9"," "," 0.00","G","999.9","000000"
"94510099999","2019-10-29","-26.413334","146.2625","305.71","CHARLEVILLE, AS","  69.1","24","  47.8","24","1018.3","14","983.5","14","  5.3","11","  5.9","24"," 11.1","999.9","  85.8"," ","  60.1","*"," 0.50","G","999.9","010000"
"94510099999","2019-10-30","-26.413334","146.2625","305.71","CHARLEVILLE, AS","  63.4","24","  59.8","24","1015.0","15","980.3","15","  5.4","11","  4.4","24","  9.9","999.9","  68.5","*","  59.9"," "," 0.72","G","999.9","010000"
"94510099999","2019-10-31","-26.413334","146.2625","305.71","CHARLEVILLE, AS","  69.6","24","  59.0","24","1012.6","16","978.0","16","  6.2"," 8","  6.7","24"," 21.0"," 27.0","  78.3"," ","  60.4"," "," 0.02","G","999.9","000000"
"94510099999","2019-11-01","-26.413334","146.2625","305.71","CHARLEVILLE, AS","  75.8","24","  56.2","24","1011.7","16","977.5","16","  6.2"," 8","  9.0","24"," 15.9"," 26.0","  85.3"," ","  64.2"," "," 0.00","G","999.9","000000"
"94510099999","2019-11-02","-26.413334","146.2625","305.71","CHARLEVILLE, AS","  81.1","24","  54.1","24","1011.6","16","977.4","16","  6.2"," 8"," 11.8","24"," 19.0"," 29.9","  90.5"," ","  68.2"," "," 0.00","G","999.9","000000"
"94510099999","2019-11-03","-26.413334","146.2625","305.71","CHARLEVILLE, AS","  70.8","24","  58.3","24","1014.9","16","980.5","16","  6.2"," 8","  6.7","24"," 15.9"," 28.0","  82.9"," ","  62.6","*"," 0.03","G","999.9","010000"
"94510099999","2019-11-04","-26.413334","146.2625","305.71","CHARLEVILLE, AS","  74.2","24","  47.5","24","1015.8","16","981.4","16","  6.2"," 8","  7.7","24"," 13.0","999.9","  85.8"," ","  62.1"," "," 0.00","G","999.9","000000"
"94510099999","2019-11-05","-26.413334","146.2625","305.71","CHARLEVILLE, AS","  67.5","24","  31.5","24","1015.9","15","981.5","15","  6.2"," 9","  7.9","24"," 15.0"," 26.0","  80.8"," ","  51.8","*"," 0.00","G","999.9","000000"
"94510099999","2019-11-06","-26.413334","146.2625","305.71","CHARLEVILLE, AS","  70.5","24","  30.9","24","1012.5","16","978.2","16","  6.2"," 8","  3.5","24"," 11.1","999.9","  87.1"," ","  50.9"," "," 0.00","G","999.9","000000"
"94510099999","2019-11-07","-26.413334","146.2625","305.71","CHARLEVILLE, AS","  81.3","19","  26.2","19","1010.4","13","976.2","13","  6.2"," 6","  4.8","19"," 11.1","999.9","  94.1"," ","  51.8"," "," 0.00","G","999.9","000000"
"94510099999","2019-11-08","-26.413334","146.2625","305.71","CHARLEVILLE, AS","  78.2","24","  30.2","24","1010.3"," 9","976.1"," 9","  5.2","16"," 12.0","24"," 19.0"," 31.1","  92.3"," ","  57.6"," "," 0.00","G","999.9","000000"
"94510099999","2019-11-09","-26.413334","146.2625","305.71","CHARLEVILLE, AS","  66.4","24","  21.6","24","1015.6","16","981.2","16","  6.2"," 8","  7.2","24"," 14.0"," 21.0","  80.6","*","  50.0","*"," 0.00","G","999.9","000000"
"94510099999","2019-11-10","-26.413334","146.2625","305.71","CHARLEVILLE, AS","  71.0","24","  24.5","24","1014.6","16","980.3","16","  6.2"," 8","  5.5","24","  9.9","999.9","  86.4"," ","  49.5"," "," 0.00","G","999.9","000000"
"94510099999","2019-11-11","-26.413334","146.2625","305.71","CHARLEVILLE, AS","  76.3","24","  25.2","24","1012.3","16","978.0","16","  6.2"," 8","  5.0","24"," 15.9","999.9","  92.3"," ","  53.8"," "," 0.00","G","999.9","000000"
"94510099999","2019-11-12","-26.413334","146.2625","305.71","CHARLEVILLE, AS","  83.9","24","  30.8","24","1010.9","16","976.6","16","  6.0"," 8"," 10.0","24"," 17.1","999.9"," 100.2"," ","  59.0"," "," 0.00","G","999.9","000000"
"94510099999","2019-11-13","-26.413334","146.2625","305.71","CHARLEVILLE, AS","  73.6","24","  19.4","24","1014.1","16","979.8","16","  6.2"," 8","  8.4","24"," 12.0"," 19.0","  89.1"," ","  59.0","*"," 0.00","G","999.9","000000"
"94510099999","2019-11-14","-26.413334","146.2625","305.71","CHARLEVILLE, AS","  73.5","24","  19.2","24","1013.0","16","978.8","16","  6.2"," 8","  5.8","24"," 12.0","999.9","  89.6","*","  55.4","*"," 0.00","G","999.9","000000"
"94510099999","2019-11-15","-26.413334","146.2625","305.71","CHARLEVILLE, AS","  78.9","24","  25.7","24","1011.3","16","977.1","16","  6.2"," 8","  4.6","24","  9.9","999.9","  95.9"," ","  54.1"," "," 0.00","G","999.9","000000"
"94510099999","2019-11-16","-26.413334","146.2625","305.71","CHARLEVILLE, AS","  81.5","24","  26.7","24","1011.7","16","977.5","16","  6.2"," 8","  5.1","24","  9.9","999.9","  99.1"," ","  58.6"," "," 0.00","G","999.9","000000"
"94510099999","2019-11-17","-26.413334","146.2625","305.71","CHARLEVILLE, AS","  79.5","24","  23.9","24","1013.6","16","979.3","16","  6.2"," 8","  7.6","24"," 15.0","999.9","  95.2"," ","  57.2","*"," 0.00","G","999.9","000000"
"94510099999","2019-11-18","-26.413334","146.2625","305.71","CHARLEVILLE, AS","  78.6","24","  18.5","24","1012.9","16","978.6","16","  6.2"," 8","  5.6","24"," 11.1"," 19.0","  95.5"," ","  56.3"," "," 0.00","G","999.9","000000"
"94510099999","2019-11-19","-26.413334","146.2625","305.71","CHARLEVILLE, AS","  85.2","23","  21.2","23","1011.0","16","976.8","16","  6.2"," 7","  6.5","23","  9.9","999.9","  99.0"," ","  58.3"," "," 0.00","G","999.9","000000"
"94510099999","2019-11-20","-26.413334","146.2625","305.71","CHARLEVILLE, AS","  90.0","24","  30.2","24","1008.9","16","974.8","16","  6.2"," 8","  8.9","24"," 17.1"," 27.0"," 104.9"," ","  66.9"," "," 0.00","G","999.9","000000"
"94510099999","2019-11-21","-26.413334","146.2625","305.71","CHARLEVILLE, AS","  92.5","24","  45.4","24","1009.6","15","975.5","15","  6.2"," 9"," 11.9","24"," 19.0"," 28.0"," 104.5"," ","  75.4"," "," 0.00","G","999.9","000000"
"94510099999","2019-11-22","-26.413334","146.2625","305.71","CHARLEVILLE, AS","  84.1","24","  53.7","24","1011.7","14","977.5","14","  6.2","10","  8.4","24"," 15.9"," 28.0"," 100.6"," ","  71.6","*"," 0.02","G","999.9","000000"
"94510099999","2019-11-23","-26.413334","146.2625","305.71","CHARLEVILLE, AS","  79.5","21","  54.3","21","1012.0","16","977.8","16","  6.2"," 5","  7.4","21"," 17.1"," 25.1","  94.1"," ","  71.6"," "," 0.00","G","999.9","000000"
"94510099999","2019-11-24","-26.413334","146.2625","305.71","CHARLEVILLE, AS","  82.9","24","  53.2","24","1009.9","16","975.7","16","  6.2"," 8","  8.6","24"," 15.9","999.9","  96.4"," ","  73.8"," "," 0.00","G","999.9","000000"
"94510099999","2019-11-25","-26.413334","146.2625","305.71","CHARLEVILLE, AS","  80.3","24","  56.3","24","1008.2","16","974.0","16","  6.2"," 8"," 11.3","24"," 17.1"," 25.1","  96.8"," ","  69.8","*"," 0.00","G","999.9","000000"
"94510099999","2019-11-26","-26.413334","146.2625","305.71","CHARLEVILLE, AS","  85.6","24","  37.9","24","1008.7","15","974.6","15","  5.5","11"," 10.1","24"," 15.9"," 28.0"," 102.4"," ","  68.0","*"," 0.00","G","999.9","000000"
"94510099999","2019-11-27","-26.413334","146.2625","305.71","CHARLEVILLE, AS","  81.8","24","  26.9","24","1010.7","16","976.5","16","  5.7"," 9","  6.9","24"," 13.0","999.9","  97.3"," ","  66.2","*"," 0.00","G","999.9","000000"
"94510099999","2019-11-28","-26.413334","146.2625","305.71","CHARLEVILLE, AS","  90.4","24","  39.0","24","1010.1","16","975.9","16","  6.2"," 8","  8.0","24"," 15.9","999.9"," 103.5"," ","  66.6"," "," 0.00","G","999.9","000000"
"94510099999","2019-11-29","-26.413334","146.2625","305.71","CHARLEVILLE, AS","  85.9","24","  55.1","24","1010.7","16","976.5","16","  6.2"," 8","  7.8","24"," 15.9"," 24.1"," 100.4"," ","  77.2"," "," 0.01","G","999.9","000000"
"94510099999","2019-11-30","-26.413334","146.2625","305.71","CHARLEVILLE, AS","  85.0","24","  51.7","24","1007.8","14","973.7","14","  6.1","10","  8.5","24"," 22.9"," 33.0"," 102.9"," ","  73.4","*"," 0.00","G","999.9","000000"
"94510099999","2019-12-01","-26.413334","146.2625","305.71","CHARLEVILLE, AS","  76.7","23","  44.0","23","1004.2","16","970.5","16","  6.2"," 7","  7.7","23"," 13.0","999.9","  87.1"," ","  66.2","*"," 0.03","G","999.9","000000"
"94510099999","2019-12-02","-26.413334","146.2625","305.71","CHARLEVILLE, AS","  76.7","24","  39.2","24","1006.1","16","972.4","16","  6.2"," 8","  8.7","24"," 15.0","999.9","  89.6"," ","  62.6","*"," 0.00","G","999.9","000000"
"94510099999","2019-12-03","-26.413334","146.2625","305.71","CHARLEVILLE, AS","  75.6","24","  30.3","24","1010.6","16","976.7","16","  6.2"," 8","  6.2","24"," 14.0","999.9","  88.9"," ","  58.8","*"," 0.00","G","999.9","000000"
"94510099999","2019-12-04","-26.413334","146.2625","305.71","CHARLEVILLE, AS","  79.0","23","  20.8","23","1011.6","16","977.7","16","  6.2"," 7","  6.1","23"," 12.0","999.9","  94.5"," ","  58.1"," "," 0.00","G","999.9","000000"
"94510099999","2019-12-05","-26.413334","146.2625","305.71","CHARLEVILLE, AS","  79.2","24","  18.0","24","1009.8","16","975.9","16","  6.2"," 8","  3.3","24"," 11.1","999.9","  97.2"," ","  57.2","*"," 0.00","G","999.9","000000"
"94510099999","2019-12-06","-26.413334","146.2625","305.71","CHARLEVILLE, AS","  85.8","22","  18.9","22","1008.4","15","974.5","15","  6.2"," 7","  5.3","22"," 11.1","999.9"," 101.7"," ","  57.4"," "," 0.00","C","999.9","000000"
"94510099999","2019-12-07","-26.413334","146.2625","305.71","CHARLEVILLE, AS","  87.4","24","  22.2","24","1010.3","16","976.4","16","  6.2"," 8","  6.7","24"," 11.1","999.9"," 100.9","*","  66.2","*"," 0.00","G","999.9","000000"
"94510099999","2019-12-08","-26.413334","146.2625","305.71","CHARLEVILLE, AS","  92.3","24","  23.9","24","1011.4","16","977.4","16","  6.2"," 8","  7.5","24"," 15.0","999.9"," 107.1"," ","  65.5"," "," 0.00","G","999.9","000000"
"94510099999","2019-12-09","-26.413334","146.2625","305.71","CHARLEVILLE, AS","  93.0","23","  42.9","23","1012.2","16","978.2","16","  6.2"," 7","  8.0","23"," 15.9","999.9"," 106.3"," ","  77.7"," "," 0.00","G","999.9","000000"
"94510099999","2019-12-10","-26.413334","146.2625","305.71","CHARLEVILLE, AS","  92.9","24","  42.1","24","1010.3","15","976.3","15","  5.9"," 9","  8.8","24"," 28.0"," 40.0"," 105.6"," ","  79.5"," "," 0.00","G","999.9","000000"
"94510099999","2019-12-11","-26.413334","146.2625","305.71","CHARLEVILLE, AS","  93.9","24","  35.4","24","1008.3","16","974.4","16","  6.2"," 8","  7.2","24"," 19.0","999.9"," 108.0"," ","  78.1"," "," 0.00","G","999.9","000000"
"94510099999","2019-12-12","-26.413334","146.2625","305.71","CHARLEVILLE, AS","  89.9","24","  26.0","24","1009.0","16","975.1","16","  6.2"," 8","  8.4","24"," 13.0","999.9"," 105.8","*","  73.0","*"," 0.00","G","999.9","000000"
"94510099999","2019-12-13","-26.413334","146.2625","305.71","CHARLEVILLE, AS","  83.7","24","  31.2","24","1009.7","16","975.8","16","  6.2"," 8","  7.5","24"," 15.0","999.9","  97.3"," ","  67.8","*"," 0.00","G","999.9","000000"
"94510099999","2019-12-14","-26.413334","146.2625","305.71","CHARLEVILLE, AS","  83.5","24","  24.3","24","1008.3","16","974.4","16","  6.2"," 8","  5.4","24"," 11.1","999.9","  98.8"," ","  64.4","*"," 0.00","G","999.9","000000"
"94510099999","2019-12-15","-26.413334","146.2625","305.71","CHARLEVILLE, AS","  90.0","24","  30.7","24","1007.6","16","973.7","16","  6.2"," 8","  6.2","24"," 15.0","999.9"," 104.0"," ","  63.1"," "," 0.00","G","999.9","000000"
"94510099999","2019-12-16","-26.413334","146.2625","305.71","CHARLEVILLE, AS","  93.3","24","  31.7","24","1008.4","16","974.6","16","  6.2"," 8","  7.7","24"," 13.0","999.9"," 108.9"," ","  71.2"," "," 0.00","G","999.9","000000"
"94510099999","2019-12-17","-26.413334","146.2625","305.71","CHARLEVILLE, AS","  95.0","24","  43.3","24","1009.5","16","975.6","16","  6.2"," 8","  9.6","24"," 15.9","999.9"," 108.5"," ","  74.5"," "," 0.00","G","999.9","000000"
"94510099999","2019-12-18","-26.413334","146.2625","305.71","CHARLEVILLE, AS","  91.8","24","  48.7","24","1011.4","15","977.4","15","  5.9"," 9","  9.0","24"," 13.0","999.9"," 104.0","*","  80.2","*"," 0.00","G","999.9","000000"
"94510099999","2019-12-19","-26.413334","146.2625","305.71","CHARLEVILLE, AS","  89.6","24","  38.4","24","1012.3","16","978.3","16","  6.2"," 8","  7.0","24"," 11.1","999.9"," 103.8"," ","  73.4","*"," 0.00","G","999.9","000000"
"94510099999","2019-12-20","-26.413334","146.2625","305.71","CHARLEVILLE, AS","  92.2","24","  40.1","24","1011.6","16","977.6","16","  6.2"," 8","  7.3","24"," 13.0","999.9"," 105.8"," ","  72.0"," "," 0.00","G","999.9","000000"
"94510099999","2019-12-21","-26.413334","146.2625","305.71","CHARLEVILLE, AS","  93.0","24","  38.8","24","1011.0","16","977.0","16","  6.2"," 8","  6.2","24","  9.9","999.9"," 107.6","*","  74.7"," "," 0.00","G","999.9","000000"
"94510099999","2019-12-22","-26.413334","146.2625","305.71","CHARLEVILLE, AS","  97.3","24","  38.7","24","1009.1","16","975.2","16","  6.2"," 8","  6.1","24"," 12.0","999.9"," 111.7"," ","  77.7"," "," 0.00","G","999.9","000000"
"94510099999","2019-12-23","-26.413334","146.2625","305.71","CHARLEVILLE, AS","  98.3","24","  44.6","24","1008.8","16","974.9","16","  6.2"," 8","  6.2","24"," 14.0","999.9"," 110.7"," ","  81.9"," "," 0.00","G","999.9","000000"
"94510099999","2019-12-24","-26.413334","146.2625","305.71","CHARLEVILLE, AS","  94.2","24","  38.1","24","1006.5","16","972.7","16","  6.2"," 8","  6.9","24"," 13.0","999.9"," 109.6"," ","  73.4","*"," 0.00","G","999.9","000000"
"94510099999","2019-12-25","-26.413334","146.2625","305.71","CHARLEVILLE, AS","  93.4","24","  45.2","24","1007.5","16","973.7","16","  6.2"," 8"," 10.9","24"," 17.1"," 25.1"," 106.3"," ","  73.8"," "," 0.00","G","999.9","000000"
"94510099999","2019-12-26","-26.413334","146.2625","305.71","CHARLEVILLE, AS","  89.7","24","  49.4","24","1011.0","14","977.0","14","  6.2","10"," 10.2","24"," 17.1"," 26.0"," 100.4"," ","  80.1"," "," 0.00","G","999.9","000000"
"94510099999","2019-12-27","-26.413334","146.2625","305.71","CHARLEVILLE, AS","  88.1","24","  42.8","24","1012.0","16","978.0","16","  6.2"," 8","  9.3","24"," 17.1"," 28.0"," 100.4"," ","  78.6","*"," 0.00","G","999.9","000000"
"94510099999","2019-12-28","-26.413334","146.2625","305.71","CHARLEVILLE, AS","  88.3","24","  43.6","24","1012.7","16","978.7","16","  6.2"," 8","  8.5","24"," 13.0","999.9","  99.9"," ","  77.7"," "," 0.00","G","999.9","000000"
"94510099999","2019-12-29","-26.413334","146.2625","305.71","CHARLEVILLE, AS","  88.9","24","  43.5","24","1011.8","15","977.8","15","  6.2"," 9","  8.1","24"," 15.0"," 31.1"," 101.5"," ","  74.7","*"," 0.00","G","999.9","000000"
"94510099999","2019-12-30","-26.413334","146.2625","305.71","CHARLEVILLE, AS","  89.7","24","  34.9","24","1009.5","16","975.6","16","  6.2"," 8","  7.4","24"," 14.0","999.9"," 102.2"," ","  72.7"," "," 0.00","G","999.9","000000"
"94510099999","2019-12-31","-26.413334","146.2625","305.71","CHARLEVILLE, AS","  94.0","24","  42.3","24","1008.0","16","974.2","16","  6.2"," 8","  7.9","24"," 15.0","999.9"," 106.9"," ","  77.5"," "," 0.00","G","999.9","000000"
