"STATION","DATE","LATITUDE","LONGITUDE","ELEVATION","NAME","TEMP","TEMP_ATTRIBUTES","DEWP","DEWP_ATTRIBUTES","SLP","SLP_ATTRIBUTES","STP","STP_ATTRIBUTES","VISIB","VISIB_ATTRIBUTES","WDSP","WDSP_ATTRIBUTES","MXSPD","GUST","MAX","MAX_ATTRIBUTES","MIN","MIN_ATTRIBUTES","PRCP","PRCP_ATTRIBUTES","SNDP","FRSHTT"
"99727999999","2019-01-01","41.7","-71.0","10.0","FALL RIVER, MA US","  48.1","23","9999.9"," 0","1008.5","23","999.9"," 0","999.9"," 0","  0.0","23","999.9","999.9","  55.9","*","  38.8","*"," 0.00","I","999.9","000000"
"99727999999","2019-01-02","41.7","-71.0","10.0","FALL RIVER, MA US","  34.8","23","9999.9"," 0","1023.7","23","999.9"," 0","999.9"," 0","  0.0","23","999.9","999.9","  42.4","*","  28.9","*"," 0.00","I","999.9","000000"
"99727999999","2019-01-03","41.7","-71.0","10.0","FALL RIVER, MA US","  38.0","24","9999.9"," 0","1015.6","24","999.9"," 0","999.9"," 0","  0.0","24","999.9","999.9","  44.4","*","  31.6","*"," 0.00","I","999.9","000000"
"99727999999","2019-01-04","41.7","-71.0","10.0","FALL RIVER, MA US","  39.1","24","9999.9"," 0","1014.3","24","999.9"," 0","999.9"," 0","  0.0","24","999.9","999.9","  43.5","*","  35.8","*"," 0.00","I","999.9","000000"
"99727999999","2019-01-05","41.7","-71.0","10.0","FALL RIVER, MA US","  42.4","24","9999.9"," 0","1004.3","24","999.9"," 0","999.9"," 0","  0.0","24","999.9","999.9","  43.5","*","  39.7","*"," 0.00","I","999.9","000000"
"99727999999","2019-01-06","41.7","-71.0","10.0","FALL RIVER, MA US","  38.7","23","9999.9"," 0","1006.8","23","999.9"," 0","999.9"," 0","  0.0","23","999.9","999.9","  43.7","*","  36.1","*"," 0.00","I","999.9","000000"
"99727999999","2019-01-07","41.7","-71.0","10.0","FALL RIVER, MA US","  26.9","24","9999.9"," 0","1026.5","24","999.9"," 0","999.9"," 0","  0.0","24","999.9","999.9","  36.0","*","  21.0","*"," 0.00","I","999.9","000000"
"99727999999","2019-01-08","41.7","-71.0","10.0","FALL RIVER, MA US","  35.1","24","9999.9"," 0","1021.4","24","999.9"," 0","999.9"," 0","  0.0","24","999.9","999.9","  43.2","*","  26.8","*"," 0.00","I","999.9","000000"
"99727999999","2019-01-09","41.7","-71.0","10.0","FALL RIVER, MA US","  43.2","24","9999.9"," 0"," 998.2","24","999.9"," 0","999.9"," 0","  0.0","24","999.9","999.9","  46.2","*","  39.9","*"," 0.00","I","999.9","000000"
"99727999999","2019-01-10","41.7","-71.0","10.0","FALL RIVER, MA US","  34.8","24","9999.9"," 0"," 999.6","24","999.9"," 0","999.9"," 0","  0.0","24","999.9","999.9","  38.8","*","  32.4","*"," 0.00","I","999.9","000000"
"99727999999","2019-01-11","41.7","-71.0","10.0","FALL RIVER, MA US","  27.0","24","9999.9"," 0","1014.9","24","999.9"," 0","999.9"," 0","  0.0","24","999.9","999.9","  30.9","*","  23.4","*"," 0.00","I","999.9","000000"
"99727999999","2019-01-12","41.7","-71.0","10.0","FALL RIVER, MA US","  21.4","24","9999.9"," 0","1030.2","24","999.9"," 0","999.9"," 0","  0.0","24","999.9","999.9","  29.7","*","  16.5","*"," 0.00","I","999.9","000000"
"99727999999","2019-01-13","41.7","-71.0","10.0","FALL RIVER, MA US","  22.7","23","9999.9"," 0","1031.5","23","999.9"," 0","999.9"," 0","  0.0","23","999.9","999.9","  27.9","*","  18.3","*"," 0.00","I","999.9","000000"
"99727999999","2019-01-14","41.7","-71.0","10.0","FALL RIVER, MA US","  27.7","24","9999.9"," 0","1024.2","24","999.9"," 0","999.9"," 0","  0.0","24","999.9","999.9","  30.4","*","  25.9","*"," 0.00","I","999.9","000000"
"99727999999","2019-01-15","41.7","-71.0","10.0","FALL RIVER, MA US","  26.7","23","9999.9"," 0","1018.6","23","999.9"," 0","999.9"," 0","  0.0","23","999.9","999.9","  34.9","*","  21.4","*"," 0.00","I","999.9","000000"
"99727999999","2019-01-16","41.7","-71.0","10.0","FALL RIVER, MA US","  30.6","23","9999.9"," 0","1017.3","23","999.9"," 0","999.9"," 0","  0.0","23","999.9","999.9","  36.3","*","  24.8","*"," 0.00","I","999.9","000000"
"99727999999","2019-01-17","41.7","-71.0","10.0","FALL RIVER, MA US","  28.9","23","9999.9"," 0","1025.0","23","999.9"," 0","999.9"," 0","  0.0","23","999.9","999.9","  36.0","*","  21.6","*"," 0.00","I","999.9","000000"
"99727999999","2019-01-18","41.7","-71.0","10.0","FALL RIVER, MA US","  31.4","24","9999.9"," 0","1022.1","24","999.9"," 0","999.9"," 0","  0.0","24","999.9","999.9","  39.9","*","  26.2","*"," 0.00","I","999.9","000000"
"99727999999","2019-01-19","41.7","-71.0","10.0","FALL RIVER, MA US","  33.3","18","9999.9"," 0","1022.1","18","999.9"," 0","999.9"," 0","  0.0","18","999.9","999.9","  37.0","*","  28.8","*"," 0.00","I","999.9","000000"
"99727999999","2019-01-23","41.7","-71.0","10.0","FALL RIVER, MA US","  30.9","24","9999.9"," 0","9999.9"," 0","999.9"," 0","999.9"," 0","  0.0","24","999.9","999.9","  43.0","*","  22.3","*"," 0.00","I","999.9","000000"
"99727999999","2019-01-24","41.7","-71.0","10.0","FALL RIVER, MA US","  52.1","24","9999.9"," 0"," 998.1","11","999.9"," 0","999.9"," 0","  0.0","24","999.9","999.9","  57.6","*","  45.1","*"," 0.00","I","999.9","000000"
"99727999999","2019-01-25","41.7","-71.0","10.0","FALL RIVER, MA US","  37.3","24","9999.9"," 0","1006.2","18","999.9"," 0","999.9"," 0","  0.0","24","999.9","999.9","  50.7","*","  33.3","*"," 0.00","I","999.9","000000"
"99727999999","2019-01-26","41.7","-71.0","10.0","FALL RIVER, MA US","  29.9","24","9999.9"," 0","9999.9"," 0","999.9"," 0","999.9"," 0","  0.0","24","999.9","999.9","  36.3","*","  24.4","*"," 0.00","I","999.9","000000"
"99727999999","2019-01-27","41.7","-71.0","10.0","FALL RIVER, MA US","  34.8","24","9999.9"," 0","9999.9"," 0","999.9"," 0","999.9"," 0","  0.0","24","999.9","999.9","  45.1","*","  27.7","*"," 0.00","I","999.9","000000"
"99727999999","2019-01-28","41.7","-71.0","10.0","FALL RIVER, MA US","  34.6","24","9999.9"," 0","9999.9"," 0","999.9"," 0","999.9"," 0","  0.0","24","999.9","999.9","  44.2","*","  27.5","*"," 0.00","I","999.9","000000"
"99727999999","2019-01-29","41.7","-71.0","10.0","FALL RIVER, MA US","  29.3","24","9999.9"," 0","9999.9"," 0","999.9"," 0","999.9"," 0","  0.0","24","999.9","999.9","  36.5","*","  23.9","*"," 0.00","I","999.9","000000"
"99727999999","2019-01-30","41.7","-71.0","10.0","FALL RIVER, MA US","  34.1","23","9999.9"," 0","9999.9"," 0","999.9"," 0","999.9"," 0","  0.0","23","999.9","999.9","  39.6","*","  29.3","*"," 0.00","I","999.9","000000"
"99727999999","2019-01-31","41.7","-71.0","10.0","FALL RIVER, MA US","  12.9","24","9999.9"," 0","9999.9"," 0","999.9"," 0","999.9"," 0","  0.0","24","999.9","999.9","  30.6","*","   6.8","*"," 0.00","I","999.9","000000"
"99727999999","2019-02-01","41.7","-71.0","10.0","FALL RIVER, MA US","  16.3","24","9999.9"," 0","9999.9"," 0","999.9"," 0","999.9"," 0","  0.0","24","999.9","999.9","  22.1","*","  12.0","*"," 0.00","I","999.9","000000"
"99727999999","2019-02-02","41.7","-71.0","10.0","FALL RIVER, MA US","  20.5","24","9999.9"," 0","9999.9"," 0","999.9"," 0","999.9"," 0","  0.0","24","999.9","999.9","  30.4","*","  14.9","*"," 0.00","I","999.9","000000"
"99727999999","2019-02-03","41.7","-71.0","10.0","FALL RIVER, MA US","  34.5","24","9999.9"," 0","9999.9"," 0","999.9"," 0","999.9"," 0","  0.0","24","999.9","999.9","  42.4","*","  30.6","*"," 0.00","I","999.9","000000"
"99727999999","2019-02-04","41.7","-71.0","10.0","FALL RIVER, MA US","  43.2","24","9999.9"," 0","9999.9"," 0","999.9"," 0","999.9"," 0","  0.0","24","999.9","999.9","  55.8","*","  35.8","*"," 0.00","I","999.9","000000"
"99727999999","2019-02-05","41.7","-71.0","10.0","FALL RIVER, MA US","  42.9","24","9999.9"," 0","9999.9"," 0","999.9"," 0","999.9"," 0","  0.0","24","999.9","999.9","  59.2","*","  35.4","*"," 0.00","I","999.9","000000"
"99727999999","2019-02-06","41.7","-71.0","10.0","FALL RIVER, MA US","  39.9","24","9999.9"," 0","9999.9"," 0","999.9"," 0","999.9"," 0","  0.0","24","999.9","999.9","  46.6","*","  32.7","*"," 0.00","I","999.9","000000"
"99727999999","2019-02-07","41.7","-71.0","10.0","FALL RIVER, MA US","  37.4","24","9999.9"," 0","9999.9"," 0","999.9"," 0","999.9"," 0","  0.0","24","999.9","999.9","  40.6","*","  34.9","*"," 0.00","I","999.9","000000"
"99727999999","2019-02-08","41.7","-71.0","10.0","FALL RIVER, MA US","  40.3","24","9999.9"," 0","9999.9"," 0","999.9"," 0","999.9"," 0","  0.0","24","999.9","999.9","  47.5","*","  37.6","*"," 0.00","I","999.9","000000"
"99727999999","2019-02-09","41.7","-71.0","10.0","FALL RIVER, MA US","  31.1","24","9999.9"," 0","9999.9"," 0","999.9"," 0","999.9"," 0","  0.0","24","999.9","999.9","  42.6","*","  25.2","*"," 0.00","I","999.9","000000"
"99727999999","2019-02-10","41.7","-71.0","10.0","FALL RIVER, MA US","  28.1","24","9999.9"," 0","9999.9"," 0","999.9"," 0","999.9"," 0","  0.0","24","999.9","999.9","  33.8","*","  23.2","*"," 0.00","I","999.9","000000"
"99727999999","2019-02-11","41.7","-71.0","10.0","FALL RIVER, MA US","  31.8","24","9999.9"," 0","9999.9"," 0","999.9"," 0","999.9"," 0","  0.0","24","999.9","999.9","  36.0","*","  28.9","*"," 0.00","I","999.9","000000"
"99727999999","2019-02-12","41.7","-71.0","10.0","FALL RIVER, MA US","  26.7","24","9999.9"," 0","9999.9"," 0","999.9"," 0","999.9"," 0","  0.0","24","999.9","999.9","  32.0","*","  20.5","*"," 0.00","I","999.9","000000"
"99727999999","2019-02-13","41.7","-71.0","10.0","FALL RIVER, MA US","  36.7","24","9999.9"," 0","9999.9"," 0","999.9"," 0","999.9"," 0","  0.0","24","999.9","999.9","  40.8","*","  30.0","*"," 0.00","I","999.9","000000"
"99727999999","2019-02-14","41.7","-71.0","10.0","FALL RIVER, MA US","  35.0","24","9999.9"," 0","9999.9"," 0","999.9"," 0","999.9"," 0","  0.0","24","999.9","999.9","  39.9","*","  31.5","*"," 0.00","I","999.9","000000"
"99727999999","2019-02-15","41.7","-71.0","10.0","FALL RIVER, MA US","  42.1","24","9999.9"," 0","9999.9"," 0","999.9"," 0","999.9"," 0","  0.0","24","999.9","999.9","  52.2","*","  34.9","*"," 0.00","I","999.9","000000"
"99727999999","2019-02-16","41.7","-71.0","10.0","FALL RIVER, MA US","  41.7","24","9999.9"," 0","9999.9"," 0","999.9"," 0","999.9"," 0","  0.0","24","999.9","999.9","  50.5","*","  34.7","*"," 0.00","I","999.9","000000"
"99727999999","2019-02-17","41.7","-71.0","10.0","FALL RIVER, MA US","  31.0","24","9999.9"," 0","9999.9"," 0","999.9"," 0","999.9"," 0","  0.0","24","999.9","999.9","  37.4","*","  24.3","*"," 0.00","I","999.9","000000"
"99727999999","2019-02-18","41.7","-71.0","10.0","FALL RIVER, MA US","  31.6","24","9999.9"," 0","9999.9"," 0","999.9"," 0","999.9"," 0","  0.0","24","999.9","999.9","  33.6","*","  28.9","*"," 0.00","I","999.9","000000"
"99727999999","2019-02-19","41.7","-71.0","10.0","FALL RIVER, MA US","  25.8","24","9999.9"," 0","9999.9"," 0","999.9"," 0","999.9"," 0","  0.0","24","999.9","999.9","  32.2","*","  18.5","*"," 0.00","I","999.9","000000"
"99727999999","2019-02-20","41.7","-71.0","10.0","FALL RIVER, MA US","  25.1","24","9999.9"," 0","9999.9"," 0","999.9"," 0","999.9"," 0","  0.0","24","999.9","999.9","  30.0","*","  21.0","*"," 0.00","I","999.9","000000"
"99727999999","2019-02-21","41.7","-71.0","10.0","FALL RIVER, MA US","  34.0","24","9999.9"," 0","9999.9"," 0","999.9"," 0","999.9"," 0","  0.0","24","999.9","999.9","  45.3","*","  26.8","*"," 0.00","I","999.9","000000"
"99727999999","2019-02-22","41.7","-71.0","10.0","FALL RIVER, MA US","  39.8","24","9999.9"," 0","9999.9"," 0","999.9"," 0","999.9"," 0","  0.0","24","999.9","999.9","  44.4","*","  37.0","*"," 0.00","I","999.9","000000"
"99727999999","2019-02-23","41.7","-71.0","10.0","FALL RIVER, MA US","  34.5","24","9999.9"," 0","9999.9"," 0","999.9"," 0","999.9"," 0","  0.0","24","999.9","999.9","  39.7","*","  29.1","*"," 0.00","I","999.9","000000"
"99727999999","2019-02-24","41.7","-71.0","10.0","FALL RIVER, MA US","  39.2","23","9999.9"," 0","9999.9"," 0","999.9"," 0","999.9"," 0","  0.0","23","999.9","999.9","  46.8","*","  35.1","*"," 0.00","I","999.9","000000"
"99727999999","2019-02-25","41.7","-71.0","10.0","FALL RIVER, MA US","  38.5","23","9999.9"," 0","9999.9"," 0","999.9"," 0","999.9"," 0","  0.0","23","999.9","999.9","  44.4","*","  34.2","*"," 0.00","I","999.9","000000"
"99727999999","2019-02-26","41.7","-71.0","10.0","FALL RIVER, MA US","  28.7","24","9999.9"," 0","9999.9"," 0","999.9"," 0","999.9"," 0","  0.0","24","999.9","999.9","  33.1","*","  25.5","*"," 0.00","I","999.9","000000"
"99727999999","2019-02-27","41.7","-71.0","10.0","FALL RIVER, MA US","  21.0","24","9999.9"," 0","1026.3"," 8","999.9"," 0","999.9"," 0","  0.0","24","999.9","999.9","  25.7","*","  16.0","*"," 0.00","I","999.9","000000"
"99727999999","2019-02-28","41.7","-71.0","10.0","FALL RIVER, MA US","  24.1","24","9999.9"," 0","1020.3","24","999.9"," 0","999.9"," 0","  0.0","24","999.9","999.9","  31.8","*","  20.1","*"," 0.00","I","999.9","000000"
"99727999999","2019-03-01","41.7","-71.0","10.0","FALL RIVER, MA US","  26.9","24","9999.9"," 0","1027.3","24","999.9"," 0","999.9"," 0","  0.0","24","999.9","999.9","  35.6","*","  20.7","*"," 0.00","I","999.9","000000"
"99727999999","2019-03-02","41.7","-71.0","10.0","FALL RIVER, MA US","  32.7","24","9999.9"," 0","1019.0","24","999.9"," 0","999.9"," 0","  0.0","24","999.9","999.9","  35.6","*","  31.6","*"," 0.00","I","999.9","000000"
"99727999999","2019-03-03","41.7","-71.0","10.0","FALL RIVER, MA US","  35.0","24","9999.9"," 0","1018.5","24","999.9"," 0","999.9"," 0","  0.0","24","999.9","999.9","  42.3","*","  30.2","*"," 0.00","I","999.9","000000"
"99727999999","2019-03-04","41.7","-71.0","10.0","FALL RIVER, MA US","  34.8","24","9999.9"," 0","1007.3","24","999.9"," 0","999.9"," 0","  0.0","24","999.9","999.9","  39.0","*","  32.4","*"," 0.00","I","999.9","000000"
"99727999999","2019-03-05","41.7","-71.0","10.0","FALL RIVER, MA US","  26.4","24","9999.9"," 0","1015.5","24","999.9"," 0","999.9"," 0","  0.0","24","999.9","999.9","  35.6","*","  20.5","*"," 0.00","I","999.9","000000"
"99727999999","2019-03-06","41.7","-71.0","10.0","FALL RIVER, MA US","  24.5","24","9999.9"," 0","1015.8","24","999.9"," 0","999.9"," 0","  0.0","24","999.9","999.9","  28.8","*","  18.9","*"," 0.00","I","999.9","000000"
"99727999999","2019-03-07","41.7","-71.0","10.0","FALL RIVER, MA US","  22.3","24","9999.9"," 0","1023.5","24","999.9"," 0","999.9"," 0","  0.0","24","999.9","999.9","  29.7","*","  16.2","*"," 0.00","I","999.9","000000"
"99727999999","2019-03-08","41.7","-71.0","10.0","FALL RIVER, MA US","  27.5","24","9999.9"," 0","1028.0","24","999.9"," 0","999.9"," 0","  0.0","24","999.9","999.9","  36.0","*","  21.7","*"," 0.00","I","999.9","000000"
"99727999999","2019-03-09","41.7","-71.0","10.0","FALL RIVER, MA US","  34.5","24","9999.9"," 0","1025.1","24","999.9"," 0","999.9"," 0","  0.0","24","999.9","999.9","  46.8","*","  25.2","*"," 0.00","I","999.9","000000"
"99727999999","2019-03-10","41.7","-71.0","10.0","FALL RIVER, MA US","  35.5","23","9999.9"," 0","1024.9","23","999.9"," 0","999.9"," 0","  0.0","23","999.9","999.9","  45.9","*","  29.7","*"," 0.00","I","999.9","000000"
"99727999999","2019-03-11","41.7","-71.0","10.0","FALL RIVER, MA US","  41.6","24","9999.9"," 0","1013.6","24","999.9"," 0","999.9"," 0","  0.0","24","999.9","999.9","  48.2","*","  37.6","*"," 0.00","I","999.9","000000"
"99727999999","2019-03-12","41.7","-71.0","10.0","FALL RIVER, MA US","  38.9","24","9999.9"," 0","1017.5","24","999.9"," 0","999.9"," 0","  0.0","24","999.9","999.9","  44.4","*","  33.6","*"," 0.00","I","999.9","000000"
"99727999999","2019-03-13","41.7","-71.0","10.0","FALL RIVER, MA US","  34.5","13","9999.9"," 0","1025.3","13","999.9"," 0","999.9"," 0","  0.0","13","999.9","999.9","  39.4","*","  28.9","*"," 0.00","I","999.9","000000"
"99727999999","2019-03-14","41.7","-71.0","10.0","FALL RIVER, MA US","  42.1","24","9999.9"," 0","1025.7","24","999.9"," 0","999.9"," 0","  0.0","24","999.9","999.9","  50.2","*","  37.6","*"," 0.00","I","999.9","000000"
"99727999999","2019-03-15","41.7","-71.0","10.0","FALL RIVER, MA US","  51.4","24","9999.9"," 0","1014.6","24","999.9"," 0","999.9"," 0","  0.0","24","999.9","999.9","  54.5","*","  45.1","*"," 0.00","I","999.9","000000"
"99727999999","2019-03-16","41.7","-71.0","10.0","FALL RIVER, MA US","  47.9","24","9999.9"," 0","1008.7","24","999.9"," 0","999.9"," 0","  0.0","24","999.9","999.9","  51.8","*","  42.8","*"," 0.00","I","999.9","000000"
"99727999999","2019-03-17","41.7","-71.0","10.0","FALL RIVER, MA US","  37.4","24","9999.9"," 0","1018.9","24","999.9"," 0","999.9"," 0","  0.0","24","999.9","999.9","  41.9","*","  33.4","*"," 0.00","I","999.9","000000"
"99727999999","2019-03-18","41.7","-71.0","10.0","FALL RIVER, MA US","  35.7","24","9999.9"," 0","1023.5","24","999.9"," 0","999.9"," 0","  0.0","24","999.9","999.9","  43.0","*","  30.2","*"," 0.00","I","999.9","000000"
"99727999999","2019-03-19","41.7","-71.0","10.0","FALL RIVER, MA US","  37.6","24","9999.9"," 0","1027.7","24","999.9"," 0","999.9"," 0","  0.0","24","999.9","999.9","  45.3","*","  32.4","*"," 0.00","I","999.9","000000"
"99727999999","2019-03-20","41.7","-71.0","10.0","FALL RIVER, MA US","  39.2","24","9999.9"," 0","1029.5","24","999.9"," 0","999.9"," 0","  0.0","24","999.9","999.9","  46.9","*","  31.8","*"," 0.00","I","999.9","000000"
"99727999999","2019-03-21","41.7","-71.0","10.0","FALL RIVER, MA US","  41.5","19","9999.9"," 0","1023.7","19","999.9"," 0","999.9"," 0","  0.0","19","999.9","999.9","  48.2","*","  37.0","*"," 0.00","I","999.9","000000"
"99727999999","2019-03-22","41.7","-71.0","10.0","FALL RIVER, MA US","  41.3","24","9999.9"," 0"," 996.2","24","999.9"," 0","999.9"," 0","  0.0","24","999.9","999.9","  43.3","*","  37.8","*"," 0.00","I","999.9","000000"
"99727999999","2019-03-23","41.7","-71.0","10.0","FALL RIVER, MA US","  39.2","24","9999.9"," 0"," 998.9","24","999.9"," 0","999.9"," 0","  0.0","24","999.9","999.9","  45.7","*","  33.3","*"," 0.00","I","999.9","000000"
"99727999999","2019-03-24","41.7","-71.0","10.0","FALL RIVER, MA US","  40.9","24","9999.9"," 0","1017.1","24","999.9"," 0","999.9"," 0","  0.0","24","999.9","999.9","  52.5","*","  33.3","*"," 0.00","I","999.9","000000"
"99727999999","2019-03-25","41.7","-71.0","10.0","FALL RIVER, MA US","  45.6","24","9999.9"," 0","1016.7","24","999.9"," 0","999.9"," 0","  0.0","24","999.9","999.9","  51.1","*","  42.8","*"," 0.00","I","999.9","000000"
"99727999999","2019-03-26","41.7","-71.0","10.0","FALL RIVER, MA US","  39.5","24","9999.9"," 0","1021.9","24","999.9"," 0","999.9"," 0","  0.0","24","999.9","999.9","  46.6","*","  32.9","*"," 0.00","I","999.9","000000"
"99727999999","2019-03-27","41.7","-71.0","10.0","FALL RIVER, MA US","  36.8","24","9999.9"," 0","1031.5","24","999.9"," 0","999.9"," 0","  0.0","24","999.9","999.9","  46.2","*","  29.1","*"," 0.00","I","999.9","000000"
"99727999999","2019-03-28","41.7","-71.0","10.0","FALL RIVER, MA US","  38.6","24","9999.9"," 0","1031.5","24","999.9"," 0","999.9"," 0","  0.0","24","999.9","999.9","  46.0","*","  33.1","*"," 0.00","I","999.9","000000"
"99727999999","2019-03-29","41.7","-71.0","10.0","FALL RIVER, MA US","  47.2","24","9999.9"," 0","1021.4","24","999.9"," 0","999.9"," 0","  0.0","24","999.9","999.9","  52.2","*","  42.1","*"," 0.00","I","999.9","000000"
"99727999999","2019-03-30","41.7","-71.0","10.0","FALL RIVER, MA US","  52.3","24","9999.9"," 0","1020.1","24","999.9"," 0","999.9"," 0","  0.0","24","999.9","999.9","  65.1","*","  44.1","*"," 0.00","I","999.9","000000"
"99727999999","2019-03-31","41.7","-71.0","10.0","FALL RIVER, MA US","  56.1","24","9999.9"," 0","1009.6","24","999.9"," 0","999.9"," 0","  0.0","24","999.9","999.9","  63.7","*","  46.0","*"," 0.00","I","999.9","000000"
"99727999999","2019-04-01","41.7","-71.0","10.0","FALL RIVER, MA US","  41.2","24","9999.9"," 0","1014.4","24","999.9"," 0","999.9"," 0","  0.0","24","999.9","999.9","  45.0","*","  36.9","*"," 0.00","I","999.9","000000"
"99727999999","2019-04-02","41.7","-71.0","10.0","FALL RIVER, MA US","  40.5","24","9999.9"," 0","1029.6","24","999.9"," 0","999.9"," 0","  0.0","24","999.9","999.9","  48.0","*","  32.5","*"," 0.00","I","999.9","000000"
"99727999999","2019-04-03","41.7","-71.0","10.0","FALL RIVER, MA US","  45.8","24","9999.9"," 0","1014.4","24","999.9"," 0","999.9"," 0","  0.0","24","999.9","999.9","  59.0","*","  39.7","*"," 0.00","I","999.9","000000"
"99727999999","2019-04-04","41.7","-71.0","10.0","FALL RIVER, MA US","  46.3","24","9999.9"," 0","1023.8","24","999.9"," 0","999.9"," 0","  0.0","24","999.9","999.9","  56.1","*","  40.6","*"," 0.00","I","999.9","000000"
"99727999999","2019-04-05","41.7","-71.0","10.0","FALL RIVER, MA US","  40.1","24","9999.9"," 0","1031.5","24","999.9"," 0","999.9"," 0","  0.0","24","999.9","999.9","  46.8","*","  33.3","*"," 0.00","I","999.9","000000"
"99727999999","2019-04-06","41.7","-71.0","10.0","FALL RIVER, MA US","  46.4","24","9999.9"," 0","1023.0","24","999.9"," 0","999.9"," 0","  0.0","24","999.9","999.9","  62.1","*","  36.1","*"," 0.00","I","999.9","000000"
"99727999999","2019-04-07","41.7","-71.0","10.0","FALL RIVER, MA US","  51.1","24","9999.9"," 0","1023.6","24","999.9"," 0","999.9"," 0","  0.0","24","999.9","999.9","  57.4","*","  41.9","*"," 0.00","I","999.9","000000"
"99727999999","2019-04-08","41.7","-71.0","10.0","FALL RIVER, MA US","  49.4","24","9999.9"," 0","1015.2","24","999.9"," 0","999.9"," 0","  0.0","24","999.9","999.9","  52.2","*","  43.5","*"," 0.00","I","999.9","000000"
"99727999999","2019-04-09","41.7","-71.0","10.0","FALL RIVER, MA US","  43.2","24","9999.9"," 0","1007.5","24","999.9"," 0","999.9"," 0","  0.0","24","999.9","999.9","  54.9","*","  36.9","*"," 0.00","I","999.9","000000"
"99727999999","2019-04-10","41.7","-71.0","10.0","FALL RIVER, MA US","  43.3","23","9999.9"," 0","1007.5","23","999.9"," 0","999.9"," 0","  0.0","23","999.9","999.9","  47.1","*","  41.4","*"," 0.00","I","999.9","000000"
"99727999999","2019-04-11","41.7","-71.0","10.0","FALL RIVER, MA US","  41.0","24","9999.9"," 0","1021.3","24","999.9"," 0","999.9"," 0","  0.0","24","999.9","999.9","  49.6","*","  35.1","*"," 0.00","I","999.9","000000"
"99727999999","2019-04-12","41.7","-71.0","10.0","FALL RIVER, MA US","  46.6","24","9999.9"," 0","1026.6","24","999.9"," 0","999.9"," 0","  0.0","24","999.9","999.9","  51.4","*","  43.2","*"," 0.00","I","999.9","000000"
"99727999999","2019-04-13","41.7","-71.0","10.0","FALL RIVER, MA US","  56.9","24","9999.9"," 0","1019.6","24","999.9"," 0","999.9"," 0","  0.0","24","999.9","999.9","  61.2","*","  52.0","*"," 0.00","I","999.9","000000"
"99727999999","2019-04-14","41.7","-71.0","10.0","FALL RIVER, MA US","  56.0","24","9999.9"," 0","1014.2","24","999.9"," 0","999.9"," 0","  0.0","24","999.9","999.9","  70.7","*","  50.2","*"," 0.00","I","999.9","000000"
"99727999999","2019-04-15","41.7","-71.0","10.0","FALL RIVER, MA US","  59.2","24","9999.9"," 0"," 997.0","24","999.9"," 0","999.9"," 0","  0.0","24","999.9","999.9","  63.9","*","  52.5","*"," 0.00","I","999.9","000000"
"99727999999","2019-04-16","41.7","-71.0","10.0","FALL RIVER, MA US","  48.7","24","9999.9"," 0","1008.1","24","999.9"," 0","999.9"," 0","  0.0","24","999.9","999.9","  57.2","*","  44.2","*"," 0.00","I","999.9","000000"
"99727999999","2019-04-17","41.7","-71.0","10.0","FALL RIVER, MA US","  52.0","24","9999.9"," 0","1019.3","24","999.9"," 0","999.9"," 0","  0.0","24","999.9","999.9","  61.7","*","  44.2","*"," 0.00","I","999.9","000000"
"99727999999","2019-04-18","41.7","-71.0","10.0","FALL RIVER, MA US","  47.3","24","9999.9"," 0","1023.5","24","999.9"," 0","999.9"," 0","  0.0","24","999.9","999.9","  53.1","*","  43.5","*"," 0.00","I","999.9","000000"
"99727999999","2019-04-19","41.7","-71.0","10.0","FALL RIVER, MA US","  59.2","24","9999.9"," 0","1012.9","24","999.9"," 0","999.9"," 0","  0.0","24","999.9","999.9","  62.1","*","  54.7","*"," 0.00","I","999.9","000000"
"99727999999","2019-04-20","41.7","-71.0","10.0","FALL RIVER, MA US","  64.4","24","9999.9"," 0","1012.1","24","999.9"," 0","999.9"," 0","  0.0","24","999.9","999.9","  70.5","*","  60.1","*"," 0.00","I","999.9","000000"
"99727999999","2019-04-21","41.7","-71.0","10.0","FALL RIVER, MA US","  59.6","24","9999.9"," 0","1016.6","24","999.9"," 0","999.9"," 0","  0.0","24","999.9","999.9","  65.7","*","  55.9","*"," 0.00","I","999.9","000000"
"99727999999","2019-04-22","41.7","-71.0","10.0","FALL RIVER, MA US","  52.6","24","9999.9"," 0","1018.0","24","999.9"," 0","999.9"," 0","  0.0","24","999.9","999.9","  59.4","*","  49.1","*"," 0.00","I","999.9","000000"
"99727999999","2019-04-23","41.7","-71.0","10.0","FALL RIVER, MA US","  52.2","24","9999.9"," 0","1013.3","24","999.9"," 0","999.9"," 0","  0.0","24","999.9","999.9","  60.8","*","  47.3","*"," 0.00","I","999.9","000000"
"99727999999","2019-04-24","41.7","-71.0","10.0","FALL RIVER, MA US","  55.0","24","9999.9"," 0","1007.5","24","999.9"," 0","999.9"," 0","  0.0","24","999.9","999.9","  63.0","*","  48.4","*"," 0.00","I","999.9","000000"
"99727999999","2019-04-25","41.7","-71.0","10.0","FALL RIVER, MA US","  52.4","24","9999.9"," 0","1013.4","24","999.9"," 0","999.9"," 0","  0.0","24","999.9","999.9","  58.8","*","  45.0","*"," 0.00","I","999.9","000000"
"99727999999","2019-04-26","41.7","-71.0","10.0","FALL RIVER, MA US","  50.5","24","9999.9"," 0","1010.7","24","999.9"," 0","999.9"," 0","  0.0","24","999.9","999.9","  53.1","*","  49.3","*"," 0.00","I","999.9","000000"
"99727999999","2019-04-27","41.7","-71.0","10.0","FALL RIVER, MA US","  52.9","24","9999.9"," 0"," 996.8","24","999.9"," 0","999.9"," 0","  0.0","24","999.9","999.9","  64.0","*","  49.1","*"," 0.00","I","999.9","000000"
"99727999999","2019-04-28","41.7","-71.0","10.0","FALL RIVER, MA US","  47.6","24","9999.9"," 0","1013.6","24","999.9"," 0","999.9"," 0","  0.0","24","999.9","999.9","  50.0","*","  45.9","*"," 0.00","I","999.9","000000"
"99727999999","2019-04-29","41.7","-71.0","10.0","FALL RIVER, MA US","  48.3","24","9999.9"," 0","1025.6","24","999.9"," 0","999.9"," 0","  0.0","24","999.9","999.9","  56.1","*","  41.2","*"," 0.00","I","999.9","000000"
"99727999999","2019-04-30","41.7","-71.0","10.0","FALL RIVER, MA US","  47.3","24","9999.9"," 0","1024.7","24","999.9"," 0","999.9"," 0","  0.0","24","999.9","999.9","  52.0","*","  43.2","*"," 0.00","I","999.9","000000"
"99727999999","2019-05-01","41.7","-71.0","10.0","FALL RIVER, MA US","  49.6","24","9999.9"," 0","1030.3","24","999.9"," 0","999.9"," 0","  0.0","24","999.9","999.9","  56.1","*","  44.2","*"," 0.00","I","999.9","000000"
"99727999999","2019-05-02","41.7","-71.0","10.0","FALL RIVER, MA US","  50.2","24","9999.9"," 0","1022.5","24","999.9"," 0","999.9"," 0","  0.0","24","999.9","999.9","  54.7","*","  47.1","*"," 0.00","I","999.9","000000"
"99727999999","2019-05-03","41.7","-71.0","10.0","FALL RIVER, MA US","  49.7","24","9999.9"," 0","1021.8","24","999.9"," 0","999.9"," 0","  0.0","24","999.9","999.9","  59.0","*","  45.9","*"," 0.00","I","999.9","000000"
"99727999999","2019-05-04","41.7","-71.0","10.0","FALL RIVER, MA US","  55.5","24","9999.9"," 0","1013.4","24","999.9"," 0","999.9"," 0","  0.0","24","999.9","999.9","  62.1","*","  52.3","*"," 0.00","I","999.9","000000"
"99727999999","2019-05-05","41.7","-71.0","10.0","FALL RIVER, MA US","  52.5","24","9999.9"," 0","1012.0","24","999.9"," 0","999.9"," 0","  0.0","24","999.9","999.9","  60.3","*","  49.8","*"," 0.00","I","999.9","000000"
"99727999999","2019-05-06","41.7","-71.0","10.0","FALL RIVER, MA US","  52.4","24","9999.9"," 0","1014.0","24","999.9"," 0","999.9"," 0","  0.0","24","999.9","999.9","  64.4","*","  47.1","*"," 0.00","I","999.9","000000"
"99727999999","2019-05-07","41.7","-71.0","10.0","FALL RIVER, MA US","  54.0","24","9999.9"," 0","1021.2","24","999.9"," 0","999.9"," 0","  0.0","24","999.9","999.9","  64.4","*","  45.3","*"," 0.00","I","999.9","000000"
"99727999999","2019-05-08","41.7","-71.0","10.0","FALL RIVER, MA US","  59.2","24","9999.9"," 0","1022.2","24","999.9"," 0","999.9"," 0","  0.0","24","999.9","999.9","  67.1","*","  54.5","*"," 0.00","I","999.9","000000"
"99727999999","2019-05-09","41.7","-71.0","10.0","FALL RIVER, MA US","  53.6","24","9999.9"," 0","1027.5","24","999.9"," 0","999.9"," 0","  0.0","24","999.9","999.9","  62.1","*","  46.6","*"," 0.00","I","999.9","000000"
"99727999999","2019-05-10","41.7","-71.0","10.0","FALL RIVER, MA US","  53.1","24","9999.9"," 0","1022.3","24","999.9"," 0","999.9"," 0","  0.0","24","999.9","999.9","  61.3","*","  48.9","*"," 0.00","I","999.9","000000"
"99727999999","2019-05-11","41.7","-71.0","10.0","FALL RIVER, MA US","  60.1","24","9999.9"," 0","1014.2","24","999.9"," 0","999.9"," 0","  0.0","24","999.9","999.9","  68.2","*","  54.0","*"," 0.00","I","999.9","000000"
"99727999999","2019-05-12","41.7","-71.0","10.0","FALL RIVER, MA US","  49.8","24","9999.9"," 0","1017.3","24","999.9"," 0","999.9"," 0","  0.0","24","999.9","999.9","  62.4","*","  42.4","*"," 0.00","I","999.9","000000"
"99727999999","2019-05-13","41.7","-71.0","10.0","FALL RIVER, MA US","  47.0","24","9999.9"," 0","1013.3","24","999.9"," 0","999.9"," 0","  0.0","24","999.9","999.9","  57.2","*","  42.1","*"," 0.00","I","999.9","000000"
"99727999999","2019-05-14","41.7","-71.0","10.0","FALL RIVER, MA US","  45.1","24","9999.9"," 0","1009.7","24","999.9"," 0","999.9"," 0","  0.0","24","999.9","999.9","  48.2","*","  42.8","*"," 0.00","I","999.9","000000"
"99727999999","2019-05-15","41.7","-71.0","10.0","FALL RIVER, MA US","  48.9","24","9999.9"," 0","1009.3","24","999.9"," 0","999.9"," 0","  0.0","24","999.9","999.9","  59.7","*","  43.5","*"," 0.00","I","999.9","000000"
"99727999999","2019-05-16","41.7","-71.0","10.0","FALL RIVER, MA US","  56.8","24","9999.9"," 0","1009.7","24","999.9"," 0","999.9"," 0","  0.0","24","999.9","999.9","  67.6","*","  49.8","*"," 0.00","I","999.9","000000"
"99727999999","2019-05-17","41.7","-71.0","10.0","FALL RIVER, MA US","  58.4","24","9999.9"," 0","1009.8","24","999.9"," 0","999.9"," 0","  0.0","24","999.9","999.9","  66.4","*","  52.2","*"," 0.00","I","999.9","000000"
"99727999999","2019-05-18","41.7","-71.0","10.0","FALL RIVER, MA US","  60.2","24","9999.9"," 0","1011.8","24","999.9"," 0","999.9"," 0","  0.0","24","999.9","999.9","  70.0","*","  54.5","*"," 0.00","I","999.9","000000"
"99727999999","2019-05-19","41.7","-71.0","10.0","FALL RIVER, MA US","  58.6","24","9999.9"," 0","1019.3","24","999.9"," 0","999.9"," 0","  0.0","24","999.9","999.9","  64.4","*","  54.0","*"," 0.00","I","999.9","000000"
"99727999999","2019-05-20","41.7","-71.0","10.0","FALL RIVER, MA US","  67.2","24","9999.9"," 0","1011.0","24","999.9"," 0","999.9"," 0","  0.0","24","999.9","999.9","  78.6","*","  60.1","*"," 0.00","I","999.9","000000"
"99727999999","2019-05-21","41.7","-71.0","10.0","FALL RIVER, MA US","  61.9","24","9999.9"," 0","1008.3","24","999.9"," 0","999.9"," 0","  0.0","24","999.9","999.9","  66.9","*","  55.9","*"," 0.00","I","999.9","000000"
"99727999999","2019-05-22","41.7","-71.0","10.0","FALL RIVER, MA US","  59.8","24","9999.9"," 0","1019.7","24","999.9"," 0","999.9"," 0","  0.0","24","999.9","999.9","  66.9","*","  52.2","*"," 0.00","I","999.9","000000"
"99727999999","2019-05-23","41.7","-71.0","10.0","FALL RIVER, MA US","  56.8","24","9999.9"," 0","1022.6","24","999.9"," 0","999.9"," 0","  0.0","24","999.9","999.9","  61.0","*","  52.5","*"," 0.00","I","999.9","000000"
"99727999999","2019-05-24","41.7","-71.0","10.0","FALL RIVER, MA US","  63.1","24","9999.9"," 0","1009.0","24","999.9"," 0","999.9"," 0","  0.0","24","999.9","999.9","  70.2","*","  58.1","*"," 0.00","I","999.9","000000"
"99727999999","2019-05-25","41.7","-71.0","10.0","FALL RIVER, MA US","  59.9","24","9999.9"," 0","1021.5","24","999.9"," 0","999.9"," 0","  0.0","24","999.9","999.9","  71.2","*","  50.4","*"," 0.00","I","999.9","000000"
"99727999999","2019-05-26","41.7","-71.0","10.0","FALL RIVER, MA US","  66.7","24","9999.9"," 0","1014.1","24","999.9"," 0","999.9"," 0","  0.0","24","999.9","999.9","  83.5","*","  57.6","*"," 0.00","I","999.9","000000"
"99727999999","2019-05-27","41.7","-71.0","10.0","FALL RIVER, MA US","  71.6","24","9999.9"," 0","1011.1","24","999.9"," 0","999.9"," 0","  0.0","24","999.9","999.9","  78.1","*","  63.9","*"," 0.00","I","999.9","000000"
"99727999999","2019-05-28","41.7","-71.0","10.0","FALL RIVER, MA US","  61.3","24","9999.9"," 0","1013.7","24","999.9"," 0","999.9"," 0","  0.0","24","999.9","999.9","  68.4","*","  54.9","*"," 0.00","I","999.9","000000"
"99727999999","2019-05-29","41.7","-71.0","10.0","FALL RIVER, MA US","  53.9","24","9999.9"," 0","1007.8","24","999.9"," 0","999.9"," 0","  0.0","24","999.9","999.9","  60.3","*","  49.6","*"," 0.00","I","999.9","000000"
"99727999999","2019-05-30","41.7","-71.0","10.0","FALL RIVER, MA US","  54.4","23","9999.9"," 0","1009.2","23","999.9"," 0","999.9"," 0","  0.0","23","999.9","999.9","  62.2","*","  49.6","*"," 0.00","I","999.9","000000"
"99727999999","2019-05-31","41.7","-71.0","10.0","FALL RIVER, MA US","  63.2","24","9999.9"," 0","1006.5","24","999.9"," 0","999.9"," 0","  0.0","24","999.9","999.9","  75.6","*","  55.0","*"," 0.00","I","999.9","000000"
"99727999999","2019-06-01","41.7","-71.0","10.0","FALL RIVER, MA US","  63.3","24","9999.9"," 0","1010.7","24","999.9"," 0","999.9"," 0","  0.0","24","999.9","999.9","  72.5","*","  57.4","*"," 0.00","I","999.9","000000"
"99727999999","2019-06-02","41.7","-71.0","10.0","FALL RIVER, MA US","  62.2","24","9999.9"," 0","1008.2","24","999.9"," 0","999.9"," 0","  0.0","24","999.9","999.9","  71.1","*","  56.8","*"," 0.00","I","999.9","000000"
"99727999999","2019-06-03","41.7","-71.0","10.0","FALL RIVER, MA US","  63.2","24","9999.9"," 0","1008.4","24","999.9"," 0","999.9"," 0","  0.0","24","999.9","999.9","  68.0","*","  58.5","*"," 0.00","I","999.9","000000"
"99727999999","2019-06-04","41.7","-71.0","10.0","FALL RIVER, MA US","  60.7","24","9999.9"," 0","1016.8","24","999.9"," 0","999.9"," 0","  0.0","24","999.9","999.9","  67.8","*","  54.1","*"," 0.00","I","999.9","000000"
"99727999999","2019-06-05","41.7","-71.0","10.0","FALL RIVER, MA US","  65.9","24","9999.9"," 0","1013.3","24","999.9"," 0","999.9"," 0","  0.0","24","999.9","999.9","  73.6","*","  60.8","*"," 0.00","I","999.9","000000"
"99727999999","2019-06-06","41.7","-71.0","10.0","FALL RIVER, MA US","  68.8","24","9999.9"," 0","1006.9","24","999.9"," 0","999.9"," 0","  0.0","24","999.9","999.9","  78.6","*","  63.9","*"," 0.00","I","999.9","000000"
"99727999999","2019-06-07","41.7","-71.0","10.0","FALL RIVER, MA US","  67.1","24","9999.9"," 0","1012.7","24","999.9"," 0","999.9"," 0","  0.0","24","999.9","999.9","  74.7","*","  61.3","*"," 0.00","I","999.9","000000"
"99727999999","2019-06-08","41.7","-71.0","10.0","FALL RIVER, MA US","  67.3","24","9999.9"," 0","1019.5","24","999.9"," 0","999.9"," 0","  0.0","24","999.9","999.9","  78.3","*","  59.7","*"," 0.00","I","999.9","000000"
"99727999999","2019-06-09","41.7","-71.0","10.0","FALL RIVER, MA US","  65.1","24","9999.9"," 0","1026.8","24","999.9"," 0","999.9"," 0","  0.0","24","999.9","999.9","  74.5","*","  56.3","*"," 0.00","I","999.9","000000"
"99727999999","2019-06-10","41.7","-71.0","10.0","FALL RIVER, MA US","  65.7","24","9999.9"," 0","1023.3","24","999.9"," 0","999.9"," 0","  0.0","24","999.9","999.9","  77.0","*","  57.7","*"," 0.00","I","999.9","000000"
"99727999999","2019-06-11","41.7","-71.0","10.0","FALL RIVER, MA US","  68.8","24","9999.9"," 0","1011.5","24","999.9"," 0","999.9"," 0","  0.0","24","999.9","999.9","  75.6","*","  65.5","*"," 0.00","I","999.9","000000"
"99727999999","2019-06-12","41.7","-71.0","10.0","FALL RIVER, MA US","  65.2","20","9999.9"," 0","1019.4","20","999.9"," 0","999.9"," 0","  0.0","20","999.9","999.9","  73.0","*","  55.9","*"," 0.00","I","999.9","000000"
"99727999999","2019-06-13","41.7","-71.0","10.0","FALL RIVER, MA US","  58.5","24","9999.9"," 0","1015.6","24","999.9"," 0","999.9"," 0","  0.0","24","999.9","999.9","  64.4","*","  55.2","*"," 0.00","I","999.9","000000"
"99727999999","2019-06-14","41.7","-71.0","10.0","FALL RIVER, MA US","  61.5","24","9999.9"," 0","1009.8","24","999.9"," 0","999.9"," 0","  0.0","24","999.9","999.9","  70.2","*","  54.5","*"," 0.00","I","999.9","000000"
"99727999999","2019-06-15","41.7","-71.0","10.0","FALL RIVER, MA US","  64.5","15","9999.9"," 0","1017.6","15","999.9"," 0","999.9"," 0","  0.0","15","999.9","999.9","  72.9","*","  61.7","*"," 0.00","I","999.9","000000"
"99727999999","2019-06-17","41.7","-71.0","10.0","FALL RIVER, MA US","  71.6","14","9999.9"," 0","1014.9","14","999.9"," 0","999.9"," 0","  0.0","14","999.9","999.9","  75.4","*","  65.1","*"," 0.00","I","999.9","000000"
"99727999999","2019-06-18","41.7","-71.0","10.0","FALL RIVER, MA US","  66.5"," 5","9999.9"," 0","1015.6"," 5","999.9"," 0","999.9"," 0","  0.0"," 5","999.9","999.9","  69.8","*","  64.8","*"," 0.00","I","999.9","000000"
"99727999999","2019-06-19","41.7","-71.0","10.0","FALL RIVER, MA US","  66.7","18","9999.9"," 0","1011.8","18","999.9"," 0","999.9"," 0","  0.0","18","999.9","999.9","  70.9","*","  64.4","*"," 0.00","I","999.9","000000"
"99727999999","2019-06-20","41.7","-71.0","10.0","FALL RIVER, MA US","  66.0","24","9999.9"," 0","1006.0","24","999.9"," 0","999.9"," 0","  0.0","24","999.9","999.9","  70.2","*","  63.5","*"," 0.00","I","999.9","000000"
"99727999999","2019-06-21","41.7","-71.0","10.0","FALL RIVER, MA US","  66.0","24","9999.9"," 0"," 998.8","24","999.9"," 0","999.9"," 0","  0.0","24","999.9","999.9","  70.0","*","  61.2","*"," 0.00","I","999.9","000000"
"99727999999","2019-06-22","41.7","-71.0","10.0","FALL RIVER, MA US","  67.8","24","9999.9"," 0","1007.6","24","999.9"," 0","999.9"," 0","  0.0","24","999.9","999.9","  75.4","*","  62.2","*"," 0.00","I","999.9","000000"
"99727999999","2019-06-23","41.7","-71.0","10.0","FALL RIVER, MA US","  70.2","23","9999.9"," 0","1012.1","23","999.9"," 0","999.9"," 0","  0.0","23","999.9","999.9","  79.3","*","  62.8","*"," 0.00","I","999.9","000000"
"99727999999","2019-06-24","41.7","-71.0","10.0","FALL RIVER, MA US","  74.5","24","9999.9"," 0","1010.2","24","999.9"," 0","999.9"," 0","  0.0","24","999.9","999.9","  84.7","*","  65.1","*"," 0.00","I","999.9","000000"
"99727999999","2019-06-25","41.7","-71.0","10.0","FALL RIVER, MA US","  70.6","24","9999.9"," 0","1012.5","24","999.9"," 0","999.9"," 0","  0.0","24","999.9","999.9","  77.4","*","  65.1","*"," 0.00","I","999.9","000000"
"99727999999","2019-06-26","41.7","-71.0","10.0","FALL RIVER, MA US","  72.3","24","9999.9"," 0","1014.9","24","999.9"," 0","999.9"," 0","  0.0","24","999.9","999.9","  82.8","*","  67.3","*"," 0.00","I","999.9","000000"
"99727999999","2019-06-27","41.7","-71.0","10.0","FALL RIVER, MA US","  72.8","22","9999.9"," 0","1019.1","22","999.9"," 0","999.9"," 0","  0.0","22","999.9","999.9","  85.1","*","  66.7","*"," 0.00","I","999.9","000000"
"99727999999","2019-06-28","41.7","-71.0","10.0","FALL RIVER, MA US","  74.8","22","9999.9"," 0","1020.4","22","999.9"," 0","999.9"," 0","  0.0","22","999.9","999.9","  87.3","*","  66.0","*"," 0.00","I","999.9","000000"
"99727999999","2019-06-29","41.7","-71.0","10.0","FALL RIVER, MA US","  77.3","24","9999.9"," 0","1016.1","24","999.9"," 0","999.9"," 0","  0.0","24","999.9","999.9","  82.8","*","  73.8","*"," 0.00","I","999.9","000000"
"99727999999","2019-06-30","41.7","-71.0","10.0","FALL RIVER, MA US","  73.6","24","9999.9"," 0","1006.9","24","999.9"," 0","999.9"," 0","  0.0","24","999.9","999.9","  79.7","*","  68.9","*"," 0.00","I","999.9","000000"
"99727999999","2019-07-01","41.7","-71.0","10.0","FALL RIVER, MA US","  70.1","22","9999.9"," 0","1010.6","22","999.9"," 0","999.9"," 0","  0.0","22","999.9","999.9","  81.1","*","  62.1","*"," 0.00","I","999.9","000000"
"99727999999","2019-07-02","41.7","-71.0","10.0","FALL RIVER, MA US","  74.8","24","9999.9"," 0","1009.4","24","999.9"," 0","999.9"," 0","  0.0","24","999.9","999.9","  81.9","*","  71.1","*"," 0.00","I","999.9","000000"
"99727999999","2019-07-03","41.7","-71.0","10.0","FALL RIVER, MA US","  77.6","24","9999.9"," 0","1009.8","24","999.9"," 0","999.9"," 0","  0.0","24","999.9","999.9","  88.2","*","  68.0","*"," 0.00","I","999.9","000000"
"99727999999","2019-07-04","41.7","-71.0","10.0","FALL RIVER, MA US","  77.7","22","9999.9"," 0","1017.1","22","999.9"," 0","999.9"," 0","  0.0","22","999.9","999.9","  87.3","*","  71.4","*"," 0.00","I","999.9","000000"
"99727999999","2019-07-05","41.7","-71.0","10.0","FALL RIVER, MA US","  75.9","24","9999.9"," 0","1021.4","24","999.9"," 0","999.9"," 0","  0.0","24","999.9","999.9","  82.6","*","  70.7","*"," 0.00","I","999.9","000000"
"99727999999","2019-07-06","41.7","-71.0","10.0","FALL RIVER, MA US","  78.5","24","9999.9"," 0","1015.0","24","999.9"," 0","999.9"," 0","  0.0","24","999.9","999.9","  86.0","*","  73.8","*"," 0.00","I","999.9","000000"
"99727999999","2019-07-07","41.7","-71.0","10.0","FALL RIVER, MA US","  75.3","22","9999.9"," 0","1012.5","22","999.9"," 0","999.9"," 0","  0.0","22","999.9","999.9","  82.4","*","  71.2","*"," 0.00","I","999.9","000000"
"99727999999","2019-07-08","41.7","-71.0","10.0","FALL RIVER, MA US","  71.0","24","9999.9"," 0","1015.1","24","999.9"," 0","999.9"," 0","  0.0","24","999.9","999.9","  78.6","*","  65.5","*"," 0.00","I","999.9","000000"
"99727999999","2019-07-09","41.7","-71.0","10.0","FALL RIVER, MA US","  75.0","24","9999.9"," 0","1016.1","24","999.9"," 0","999.9"," 0","  0.0","24","999.9","999.9","  84.9","*","  67.5","*"," 0.00","I","999.9","000000"
"99727999999","2019-07-10","41.7","-71.0","10.0","FALL RIVER, MA US","  78.1","23","9999.9"," 0","1017.0","23","999.9"," 0","999.9"," 0","  0.0","23","999.9","999.9","  88.0","*","  70.7","*"," 0.00","I","999.9","000000"
"99727999999","2019-07-11","41.7","-71.0","10.0","FALL RIVER, MA US","  75.5","23","9999.9"," 0","1015.6","23","999.9"," 0","999.9"," 0","  0.0","23","999.9","999.9","  80.1","*","  70.9","*"," 0.00","I","999.9","000000"
"99727999999","2019-07-12","41.7","-71.0","10.0","FALL RIVER, MA US","  75.7","24","9999.9"," 0","1007.3","24","999.9"," 0","999.9"," 0","  0.0","24","999.9","999.9","  84.6","*","  71.6","*"," 0.00","I","999.9","000000"
"99727999999","2019-07-13","41.7","-71.0","10.0","FALL RIVER, MA US","  76.6","24","9999.9"," 0","1010.8","24","999.9"," 0","999.9"," 0","  0.0","24","999.9","999.9","  83.1","*","  70.9","*"," 0.00","I","999.9","000000"
"99727999999","2019-07-14","41.7","-71.0","10.0","FALL RIVER, MA US","  78.7","22","9999.9"," 0","1011.9","22","999.9"," 0","999.9"," 0","  0.0","22","999.9","999.9","  86.5","*","  72.7","*"," 0.00","I","999.9","000000"
"99727999999","2019-07-15","41.7","-71.0","10.0","FALL RIVER, MA US","  76.1","24","9999.9"," 0","1015.7","24","999.9"," 0","999.9"," 0","  0.0","24","999.9","999.9","  83.8","*","  68.7","*"," 0.00","I","999.9","000000"
"99727999999","2019-07-16","41.7","-71.0","10.0","FALL RIVER, MA US","  76.2","24","9999.9"," 0","1017.6","24","999.9"," 0","999.9"," 0","  0.0","24","999.9","999.9","  84.4","*","  68.5","*"," 0.00","I","999.9","000000"
"99727999999","2019-07-17","41.7","-71.0","10.0","FALL RIVER, MA US","  79.7","24","9999.9"," 0","1014.6","24","999.9"," 0","999.9"," 0","  0.0","24","999.9","999.9","  88.7","*","  75.0","*"," 0.00","I","999.9","000000"
"99727999999","2019-07-18","41.7","-71.0","10.0","FALL RIVER, MA US","  72.9","24","9999.9"," 0","1013.9","24","999.9"," 0","999.9"," 0","  0.0","24","999.9","999.9","  76.8","*","  67.1","*"," 0.00","I","999.9","000000"
"99727999999","2019-07-19","41.7","-71.0","10.0","FALL RIVER, MA US","  71.8","24","9999.9"," 0","1012.2","24","999.9"," 0","999.9"," 0","  0.0","24","999.9","999.9","  84.7","*","  65.3","*"," 0.00","I","999.9","000000"
"99727999999","2019-07-20","41.7","-71.0","10.0","FALL RIVER, MA US","  83.1","24","9999.9"," 0","1009.4","24","999.9"," 0","999.9"," 0","  0.0","24","999.9","999.9","  91.9","*","  76.8","*"," 0.00","I","999.9","000000"
"99727999999","2019-07-21","41.7","-71.0","10.0","FALL RIVER, MA US","  85.2","22","9999.9"," 0","1007.6","22","999.9"," 0","999.9"," 0","  0.0","22","999.9","999.9","  93.0","*","  80.2","*"," 0.00","I","999.9","000000"
"99727999999","2019-07-22","41.7","-71.0","10.0","FALL RIVER, MA US","  81.9","24","9999.9"," 0","1010.3","24","999.9"," 0","999.9"," 0","  0.0","24","999.9","999.9","  87.8","*","  76.5","*"," 0.00","I","999.9","000000"
"99727999999","2019-07-23","41.7","-71.0","10.0","FALL RIVER, MA US","  68.6","23","9999.9"," 0","1009.2","23","999.9"," 0","999.9"," 0","  0.0","23","999.9","999.9","  76.5","*","  63.9","*"," 0.00","I","999.9","000000"
"99727999999","2019-07-24","41.7","-71.0","10.0","FALL RIVER, MA US","  70.5","24","9999.9"," 0","1013.5","24","999.9"," 0","999.9"," 0","  0.0","24","999.9","999.9","  83.8","*","  63.7","*"," 0.00","I","999.9","000000"
"99727999999","2019-07-25","41.7","-71.0","10.0","FALL RIVER, MA US","  73.5","24","9999.9"," 0","1018.2","24","999.9"," 0","999.9"," 0","  0.0","24","999.9","999.9","  83.5","*","  66.4","*"," 0.00","I","999.9","000000"
"99727999999","2019-07-26","41.7","-71.0","10.0","FALL RIVER, MA US","  74.6","24","9999.9"," 0","1023.7","24","999.9"," 0","999.9"," 0","  0.0","24","999.9","999.9","  82.6","*","  68.7","*"," 0.00","I","999.9","000000"
"99727999999","2019-07-27","41.7","-71.0","10.0","FALL RIVER, MA US","  73.8","24","9999.9"," 0","1025.6","24","999.9"," 0","999.9"," 0","  0.0","24","999.9","999.9","  80.2","*","  69.4","*"," 0.00","I","999.9","000000"
"99727999999","2019-07-28","41.7","-71.0","10.0","FALL RIVER, MA US","  76.4","22","9999.9"," 0","1020.0","22","999.9"," 0","999.9"," 0","  0.0","22","999.9","999.9","  87.8","*","  68.9","*"," 0.00","I","999.9","000000"
"99727999999","2019-07-29","41.7","-71.0","10.0","FALL RIVER, MA US","  79.5","23","9999.9"," 0","1015.5","23","999.9"," 0","999.9"," 0","  0.0","23","999.9","999.9","  89.2","*","  74.8","*"," 0.00","I","999.9","000000"
"99727999999","2019-07-30","41.7","-71.0","10.0","FALL RIVER, MA US","  80.8","23","9999.9"," 0","1015.7","23","999.9"," 0","999.9"," 0","  0.0","23","999.9","999.9","  91.4","*","  73.9","*"," 0.00","I","999.9","000000"
"99727999999","2019-07-31","41.7","-71.0","10.0","FALL RIVER, MA US","  79.5","23","9999.9"," 0","1016.7","23","999.9"," 0","999.9"," 0","  0.0","23","999.9","999.9","  88.7","*","  75.4","*"," 0.00","I","999.9","000000"
"99727999999","2019-08-01","41.7","-71.0","10.0","FALL RIVER, MA US","  78.6","23","9999.9"," 0","1017.3","23","999.9"," 0","999.9"," 0","  0.0","23","999.9","999.9","  85.3","*","  72.9","*"," 0.00","I","999.9","000000"
"99727999999","2019-08-02","41.7","-71.0","10.0","FALL RIVER, MA US","  75.4","24","9999.9"," 0","1020.1","24","999.9"," 0","999.9"," 0","  0.0","24","999.9","999.9","  83.1","*","  66.6","*"," 0.00","I","999.9","000000"
"99727999999","2019-08-03","41.7","-71.0","10.0","FALL RIVER, MA US","  76.7","24","9999.9"," 0","1018.0","24","999.9"," 0","999.9"," 0","  0.0","24","999.9","999.9","  84.0","*","  71.4","*"," 0.00","I","999.9","000000"
"99727999999","2019-08-04","41.7","-71.0","10.0","FALL RIVER, MA US","  77.2","23","9999.9"," 0","1012.7","23","999.9"," 0","999.9"," 0","  0.0","23","999.9","999.9","  83.8","*","  73.8","*"," 0.00","I","999.9","000000"
"99727999999","2019-08-05","41.7","-71.0","10.0","FALL RIVER, MA US","  72.1","24","9999.9"," 0","1015.0","24","999.9"," 0","999.9"," 0","  0.0","24","999.9","999.9","  79.3","*","  64.6","*"," 0.00","I","999.9","000000"
"99727999999","2019-08-06","41.7","-71.0","10.0","FALL RIVER, MA US","  73.0","23","9999.9"," 0","1013.7","23","999.9"," 0","999.9"," 0","  0.0","23","999.9","999.9","  77.4","*","  69.1","*"," 0.00","I","999.9","000000"
"99727999999","2019-08-07","41.7","-71.0","10.0","FALL RIVER, MA US","  75.5","23","9999.9"," 0","1011.6","23","999.9"," 0","999.9"," 0","  0.0","23","999.9","999.9","  82.9","*","  69.8","*"," 0.00","I","999.9","000000"
"99727999999","2019-08-08","41.7","-71.0","10.0","FALL RIVER, MA US","  76.5","24","9999.9"," 0","1007.1","24","999.9"," 0","999.9"," 0","  0.0","24","999.9","999.9","  82.9","*","  71.6","*"," 0.00","I","999.9","000000"
"99727999999","2019-08-09","41.7","-71.0","10.0","FALL RIVER, MA US","  76.2","23","9999.9"," 0","1006.0","23","999.9"," 0","999.9"," 0","  0.0","23","999.9","999.9","  83.1","*","  70.5","*"," 0.00","I","999.9","000000"
"99727999999","2019-08-10","41.7","-71.0","10.0","FALL RIVER, MA US","  73.1","24","9999.9"," 0","1008.1","24","999.9"," 0","999.9"," 0","  0.0","24","999.9","999.9","  77.5","*","  68.0","*"," 0.00","I","999.9","000000"
"99727999999","2019-08-11","41.7","-71.0","10.0","FALL RIVER, MA US","  70.3","24","9999.9"," 0","1013.7","24","999.9"," 0","999.9"," 0","  0.0","24","999.9","999.9","  77.2","*","  62.8","*"," 0.00","I","999.9","000000"
"99727999999","2019-08-12","41.7","-71.0","10.0","FALL RIVER, MA US","  74.8","24","9999.9"," 0","1014.3","24","999.9"," 0","999.9"," 0","  0.0","24","999.9","999.9","  83.3","*","  68.7","*"," 0.00","I","999.9","000000"
"99727999999","2019-08-13","41.7","-71.0","10.0","FALL RIVER, MA US","  73.5","24","9999.9"," 0","1010.5","24","999.9"," 0","999.9"," 0","  0.0","24","999.9","999.9","  77.0","*","  71.2","*"," 0.00","I","999.9","000000"
"99727999999","2019-08-14","41.7","-71.0","10.0","FALL RIVER, MA US","  72.5","24","9999.9"," 0","1010.1","24","999.9"," 0","999.9"," 0","  0.0","24","999.9","999.9","  79.3","*","  68.0","*"," 0.00","I","999.9","000000"
"99727999999","2019-08-15","41.7","-71.0","10.0","FALL RIVER, MA US","  72.1","24","9999.9"," 0","1015.9","24","999.9"," 0","999.9"," 0","  0.0","24","999.9","999.9","  84.4","*","  63.7","*"," 0.00","I","999.9","000000"
"99727999999","2019-08-16","41.7","-71.0","10.0","FALL RIVER, MA US","  71.9","24","9999.9"," 0","1018.0","24","999.9"," 0","999.9"," 0","  0.0","24","999.9","999.9","  83.5","*","  64.2","*"," 0.00","I","999.9","000000"
"99727999999","2019-08-17","41.7","-71.0","10.0","FALL RIVER, MA US","  73.3","24","9999.9"," 0","1018.1","24","999.9"," 0","999.9"," 0","  0.0","24","999.9","999.9","  80.1","*","  68.7","*"," 0.00","I","999.9","000000"
"99727999999","2019-08-18","41.7","-71.0","10.0","FALL RIVER, MA US","  76.6","23","9999.9"," 0","1016.4","23","999.9"," 0","999.9"," 0","  0.0","23","999.9","999.9","  86.4","*","  72.1","*"," 0.00","I","999.9","000000"
"99727999999","2019-08-19","41.7","-71.0","10.0","FALL RIVER, MA US","  79.3","23","9999.9"," 0","1015.4","23","999.9"," 0","999.9"," 0","  0.0","23","999.9","999.9","  86.4","*","  73.0","*"," 0.00","I","999.9","000000"
"99727999999","2019-08-20","41.7","-71.0","10.0","FALL RIVER, MA US","  77.2","24","9999.9"," 0","1017.4","24","999.9"," 0","999.9"," 0","  0.0","24","999.9","999.9","  85.5","*","  72.5","*"," 0.00","I","999.9","000000"
"99727999999","2019-08-21","41.7","-71.0","10.0","FALL RIVER, MA US","  77.6","23","9999.9"," 0","1016.0","23","999.9"," 0","999.9"," 0","  0.0","23","999.9","999.9","  82.4","*","  73.2","*"," 0.00","I","999.9","000000"
"99727999999","2019-08-22","41.7","-71.0","10.0","FALL RIVER, MA US","  79.1","24","9999.9"," 0","1011.2","24","999.9"," 0","999.9"," 0","  0.0","24","999.9","999.9","  86.0","*","  75.2","*"," 0.00","I","999.9","000000"
"99727999999","2019-08-23","41.7","-71.0","10.0","FALL RIVER, MA US","  73.7","23","9999.9"," 0","1013.7","23","999.9"," 0","999.9"," 0","  0.0","23","999.9","999.9","  81.3","*","  65.7","*"," 0.00","I","999.9","000000"
"99727999999","2019-08-24","41.7","-71.0","10.0","FALL RIVER, MA US","  69.2","23","9999.9"," 0","1019.9","23","999.9"," 0","999.9"," 0","  0.0","23","999.9","999.9","  77.5","*","  60.6","*"," 0.00","I","999.9","000000"
"99727999999","2019-08-25","41.7","-71.0","10.0","FALL RIVER, MA US","  64.5","24","9999.9"," 0","1025.6","24","999.9"," 0","999.9"," 0","  0.0","24","999.9","999.9","  70.3","*","  59.7","*"," 0.00","I","999.9","000000"
"99727999999","2019-08-26","41.7","-71.0","10.0","FALL RIVER, MA US","  65.8","22","9999.9"," 0","1023.8","22","999.9"," 0","999.9"," 0","  0.0","22","999.9","999.9","  76.3","*","  56.3","*"," 0.00","I","999.9","000000"
"99727999999","2019-08-27","41.7","-71.0","10.0","FALL RIVER, MA US","  64.1","23","9999.9"," 0","1020.0","23","999.9"," 0","999.9"," 0","  0.0","23","999.9","999.9","  72.7","*","  55.8","*"," 0.00","I","999.9","000000"
"99727999999","2019-08-28","41.7","-71.0","10.0","FALL RIVER, MA US","  68.6","22","9999.9"," 0","1015.3","22","999.9"," 0","999.9"," 0","  0.0","22","999.9","999.9","  76.6","*","  64.6","*"," 0.00","I","999.9","000000"
"99727999999","2019-08-29","41.7","-71.0","10.0","FALL RIVER, MA US","  72.8","17","9999.9"," 0","1009.3","17","999.9"," 0","999.9"," 0","  0.0","17","999.9","999.9","  80.2","*","  67.8","*"," 0.00","I","999.9","000000"
"99727999999","2019-08-30","41.7","-71.0","10.0","FALL RIVER, MA US","  73.5","24","9999.9"," 0","1015.4","24","999.9"," 0","999.9"," 0","  0.0","24","999.9","999.9","  82.0","*","  65.5","*"," 0.00","I","999.9","000000"
"99727999999","2019-08-31","41.7","-71.0","10.0","FALL RIVER, MA US","  72.7","24","9999.9"," 0","1020.9","24","999.9"," 0","999.9"," 0","  0.0","24","999.9","999.9","  77.2","*","  68.0","*"," 0.00","I","999.9","000000"
"99727999999","2019-09-01","41.7","-71.0","10.0","FALL RIVER, MA US","  68.1","24","9999.9"," 0","1027.2","24","999.9"," 0","999.9"," 0","  0.0","24","999.9","999.9","  75.9","*","  59.7","*"," 0.00","I","999.9","000000"
"99727999999","2019-09-02","41.7","-71.0","10.0","FALL RIVER, MA US","  68.3","24","9999.9"," 0","1021.5","24","999.9"," 0","999.9"," 0","  0.0","24","999.9","999.9","  75.4","*","  62.8","*"," 0.00","I","999.9","000000"
"99727999999","2019-09-03","41.7","-71.0","10.0","FALL RIVER, MA US","  73.4","23","9999.9"," 0","1016.2","23","999.9"," 0","999.9"," 0","  0.0","23","999.9","999.9","  82.9","*","  66.6","*"," 0.00","I","999.9","000000"
"99727999999","2019-09-04","41.7","-71.0","10.0","FALL RIVER, MA US","  71.3","23","9999.9"," 0","1015.9","23","999.9"," 0","999.9"," 0","  0.0","23","999.9","999.9","  80.2","*","  65.5","*"," 0.00","I","999.9","000000"
"99727999999","2019-09-05","41.7","-71.0","10.0","FALL RIVER, MA US","  68.7","22","9999.9"," 0","1017.1","22","999.9"," 0","999.9"," 0","  0.0","22","999.9","999.9","  74.5","*","  61.2","*"," 0.00","I","999.9","000000"
"99727999999","2019-09-06","41.7","-71.0","10.0","FALL RIVER, MA US","  63.3","22","9999.9"," 0","1016.1","22","999.9"," 0","999.9"," 0","  0.0","22","999.9","999.9","  67.6","*","  58.6","*"," 0.00","I","999.9","000000"
"99727999999","2019-09-07","41.7","-71.0","10.0","FALL RIVER, MA US","  63.3","24","9999.9"," 0","1006.3","24","999.9"," 0","999.9"," 0","  0.0","24","999.9","999.9","  70.9","*","  56.7","*"," 0.00","I","999.9","000000"
"99727999999","2019-09-08","41.7","-71.0","10.0","FALL RIVER, MA US","  67.3","24","9999.9"," 0","1014.1","24","999.9"," 0","999.9"," 0","  0.0","24","999.9","999.9","  72.7","*","  62.1","*"," 0.00","I","999.9","000000"
"99727999999","2019-09-09","41.7","-71.0","10.0","FALL RIVER, MA US","  66.6","23","9999.9"," 0","1023.6","23","999.9"," 0","999.9"," 0","  0.0","23","999.9","999.9","  75.9","*","  58.6","*"," 0.00","I","999.9","000000"
"99727999999","2019-09-10","41.7","-71.0","10.0","FALL RIVER, MA US","  67.4","23","9999.9"," 0","1027.6","23","999.9"," 0","999.9"," 0","  0.0","23","999.9","999.9","  75.4","*","  61.2","*"," 0.00","I","999.9","000000"
"99727999999","2019-09-11","41.7","-71.0","10.0","FALL RIVER, MA US","  72.3","24","9999.9"," 0","1021.9","24","999.9"," 0","999.9"," 0","  0.0","24","999.9","999.9","  80.2","*","  66.7","*"," 0.00","I","999.9","000000"
"99727999999","2019-09-12","41.7","-71.0","10.0","FALL RIVER, MA US","  67.2","24","9999.9"," 0","1018.8","24","999.9"," 0","999.9"," 0","  0.0","24","999.9","999.9","  73.8","*","  60.3","*"," 0.00","I","999.9","000000"
"99727999999","2019-09-13","41.7","-71.0","10.0","FALL RIVER, MA US","  61.1","24","9999.9"," 0","1029.9","24","999.9"," 0","999.9"," 0","  0.0","24","999.9","999.9","  71.1","*","  53.8","*"," 0.00","I","999.9","000000"
"99727999999","2019-09-14","41.7","-71.0","10.0","FALL RIVER, MA US","  62.8","24","9999.9"," 0","1028.5","24","999.9"," 0","999.9"," 0","  0.0","24","999.9","999.9","  71.6","*","  55.4","*"," 0.00","I","999.9","000000"
"99727999999","2019-09-15","41.7","-71.0","10.0","FALL RIVER, MA US","  71.0","24","9999.9"," 0","1020.6","24","999.9"," 0","999.9"," 0","  0.0","24","999.9","999.9","  77.5","*","  67.3","*"," 0.00","I","999.9","000000"
"99727999999","2019-09-16","41.7","-71.0","10.0","FALL RIVER, MA US","  67.3","15","9999.9"," 0","1017.8","15","999.9"," 0","999.9"," 0","  0.0","15","999.9","999.9","  72.7","*","  63.9","*"," 0.00","I","999.9","000000"
"99727999999","2019-09-18","41.7","-71.0","10.0","FALL RIVER, MA US","  60.0","15","9999.9"," 0","1024.9","15","999.9"," 0","999.9"," 0","  0.0","15","999.9","999.9","  62.1","*","  57.4","*"," 0.00","I","999.9","000000"
"99727999999","2019-09-19","41.7","-71.0","10.0","FALL RIVER, MA US","  56.9","23","9999.9"," 0","1026.9","23","999.9"," 0","999.9"," 0","  0.0","23","999.9","999.9","  72.1","*","  47.8","*"," 0.00","I","999.9","000000"
"99727999999","2019-09-20","41.7","-71.0","10.0","FALL RIVER, MA US","  63.6","24","9999.9"," 0","1022.8","24","999.9"," 0","999.9"," 0","  0.0","24","999.9","999.9","  77.2","*","  54.7","*"," 0.00","I","999.9","000000"
"99727999999","2019-09-21","41.7","-71.0","10.0","FALL RIVER, MA US","  71.0","19","9999.9"," 0","1021.8","19","999.9"," 0","999.9"," 0","  0.0","19","999.9","999.9","  81.3","*","  60.4","*"," 0.00","I","999.9","000000"
"99727999999","2019-09-22","41.7","-71.0","10.0","FALL RIVER, MA US","  69.8","24","9999.9"," 0","1021.0","24","999.9"," 0","999.9"," 0","  0.0","24","999.9","999.9","  81.0","*","  62.4","*"," 0.00","I","999.9","000000"
"99727999999","2019-09-23","41.7","-71.0","10.0","FALL RIVER, MA US","  72.6","23","9999.9"," 0","1013.0","23","999.9"," 0","999.9"," 0","  0.0","23","999.9","999.9","  79.0","*","  69.1","*"," 0.00","I","999.9","000000"
"99727999999","2019-09-24","41.7","-71.0","10.0","FALL RIVER, MA US","  69.8","24","9999.9"," 0","1006.9","24","999.9"," 0","999.9"," 0","  0.0","24","999.9","999.9","  73.9","*","  65.1","*"," 0.00","I","999.9","000000"
"99727999999","2019-09-25","41.7","-71.0","10.0","FALL RIVER, MA US","  63.9","23","9999.9"," 0","1010.6","23","999.9"," 0","999.9"," 0","  0.0","23","999.9","999.9","  72.3","*","  55.9","*"," 0.00","I","999.9","000000"
"99727999999","2019-09-26","41.7","-71.0","10.0","FALL RIVER, MA US","  68.2","24","9999.9"," 0","1010.4","24","999.9"," 0","999.9"," 0","  0.0","24","999.9","999.9","  76.8","*","  62.2","*"," 0.00","I","999.9","000000"
"99727999999","2019-09-27","41.7","-71.0","10.0","FALL RIVER, MA US","  63.4","24","9999.9"," 0","1016.8","24","999.9"," 0","999.9"," 0","  0.0","24","999.9","999.9","  71.6","*","  55.9","*"," 0.00","I","999.9","000000"
"99727999999","2019-09-28","41.7","-71.0","10.0","FALL RIVER, MA US","  66.4","23","9999.9"," 0","1020.5","23","999.9"," 0","999.9"," 0","  0.0","23","999.9","999.9","  74.5","*","  61.0","*"," 0.00","I","999.9","000000"
"99727999999","2019-09-29","41.7","-71.0","10.0","FALL RIVER, MA US","  70.4","23","9999.9"," 0","1021.6","23","999.9"," 0","999.9"," 0","  0.0","23","999.9","999.9","  75.2","*","  66.6","*"," 0.00","I","999.9","000000"
"99727999999","2019-09-30","41.7","-71.0","10.0","FALL RIVER, MA US","  60.5","22","9999.9"," 0","1027.1","22","999.9"," 0","999.9"," 0","  0.0","22","999.9","999.9","  66.4","*","  54.7","*"," 0.00","I","999.9","000000"
"99727999999","2019-10-01","41.7","-71.0","10.0","FALL RIVER, MA US","  62.4","24","9999.9"," 0","1020.3","24","999.9"," 0","999.9"," 0","  0.0","24","999.9","999.9","  69.3","*","  57.0","*"," 0.00","I","999.9","000000"
"99727999999","2019-10-02","41.7","-71.0","10.0","FALL RIVER, MA US","  69.8","21","9999.9"," 0","1010.0","21","999.9"," 0","999.9"," 0","  0.0","21","999.9","999.9","  77.5","*","  63.1","*"," 0.00","I","999.9","000000"
"99727999999","2019-10-03","41.7","-71.0","10.0","FALL RIVER, MA US","  55.2","23","9999.9"," 0","1019.6","23","999.9"," 0","999.9"," 0","  0.0","23","999.9","999.9","  61.7","*","  52.3","*"," 0.00","I","999.9","000000"
"99727999999","2019-10-04","41.7","-71.0","10.0","FALL RIVER, MA US","  55.2","23","9999.9"," 0","1015.8","23","999.9"," 0","999.9"," 0","  0.0","23","999.9","999.9","  61.2","*","  50.0","*"," 0.00","I","999.9","000000"
"99727999999","2019-10-05","41.7","-71.0","10.0","FALL RIVER, MA US","  50.1","24","9999.9"," 0","1029.0","24","999.9"," 0","999.9"," 0","  0.0","24","999.9","999.9","  58.6","*","  40.8","*"," 0.00","I","999.9","000000"
"99727999999","2019-10-06","41.7","-71.0","10.0","FALL RIVER, MA US","  56.1","23","9999.9"," 0","1028.9","23","999.9"," 0","999.9"," 0","  0.0","23","999.9","999.9","  66.6","*","  47.1","*"," 0.00","I","999.9","000000"
"99727999999","2019-10-07","41.7","-71.0","10.0","FALL RIVER, MA US","  70.3","24","9999.9"," 0","1022.8","24","999.9"," 0","999.9"," 0","  0.0","24","999.9","999.9","  75.6","*","  67.1","*"," 0.00","I","999.9","000000"
"99727999999","2019-10-08","41.7","-71.0","10.0","FALL RIVER, MA US","  61.4","24","9999.9"," 0","1023.1","24","999.9"," 0","999.9"," 0","  0.0","24","999.9","999.9","  68.7","*","  58.1","*"," 0.00","I","999.9","000000"
"99727999999","2019-10-09","41.7","-71.0","10.0","FALL RIVER, MA US","  56.1","24","9999.9"," 0","1024.7","24","999.9"," 0","999.9"," 0","  0.0","24","999.9","999.9","  57.4","*","  53.1","*"," 0.00","I","999.9","000000"
"99727999999","2019-10-10","41.7","-71.0","10.0","FALL RIVER, MA US","  54.9","23","9999.9"," 0","1023.0","23","999.9"," 0","999.9"," 0","  0.0","23","999.9","999.9","  55.6","*","  52.9","*"," 0.00","I","999.9","000000"
"99727999999","2019-10-11","41.7","-71.0","10.0","FALL RIVER, MA US","  55.1","24","9999.9"," 0","1019.6","24","999.9"," 0","999.9"," 0","  0.0","24","999.9","999.9","  56.5","*","  54.0","*"," 0.00","I","999.9","000000"
"99727999999","2019-10-12","41.7","-71.0","10.0","FALL RIVER, MA US","  54.7","22","9999.9"," 0","1014.5","22","999.9"," 0","999.9"," 0","  0.0","22","999.9","999.9","  57.0","*","  53.4","*"," 0.00","I","999.9","000000"
"99727999999","2019-10-13","41.7","-71.0","10.0","FALL RIVER, MA US","  58.4","23","9999.9"," 0","1016.7","23","999.9"," 0","999.9"," 0","  0.0","23","999.9","999.9","  65.7","*","  54.1","*"," 0.00","I","999.9","000000"
"99727999999","2019-10-14","41.7","-71.0","10.0","FALL RIVER, MA US","  59.0","24","9999.9"," 0","1015.7","24","999.9"," 0","999.9"," 0","  0.0","24","999.9","999.9","  66.7","*","  55.9","*"," 0.00","I","999.9","000000"
"99727999999","2019-10-15","41.7","-71.0","10.0","FALL RIVER, MA US","  56.7","23","9999.9"," 0","1018.4","23","999.9"," 0","999.9"," 0","  0.0","23","999.9","999.9","  61.5","*","  49.6","*"," 0.00","I","999.9","000000"
"99727999999","2019-10-16","41.7","-71.0","10.0","FALL RIVER, MA US","  54.9","23","9999.9"," 0","1015.9","23","999.9"," 0","999.9"," 0","  0.0","23","999.9","999.9","  61.2","*","  48.2","*"," 0.00","I","999.9","000000"
"99727999999","2019-10-17","41.7","-71.0","10.0","FALL RIVER, MA US","  56.5","24","9999.9"," 0"," 987.1","24","999.9"," 0","999.9"," 0","  0.0","24","999.9","999.9","  61.0","*","  52.5","*"," 0.00","I","999.9","000000"
"99727999999","2019-10-18","41.7","-71.0","10.0","FALL RIVER, MA US","  54.3","24","9999.9"," 0","1002.9","24","999.9"," 0","999.9"," 0","  0.0","24","999.9","999.9","  59.0","*","  51.6","*"," 0.00","I","999.9","000000"
"99727999999","2019-10-19","41.7","-71.0","10.0","FALL RIVER, MA US","  49.6","23","9999.9"," 0","1015.5","23","999.9"," 0","999.9"," 0","  0.0","23","999.9","999.9","  58.6","*","  43.9","*"," 0.00","I","999.9","000000"
"99727999999","2019-10-20","41.7","-71.0","10.0","FALL RIVER, MA US","  50.3","24","9999.9"," 0","1018.2","24","999.9"," 0","999.9"," 0","  0.0","24","999.9","999.9","  58.8","*","  41.9","*"," 0.00","I","999.9","000000"
"99727999999","2019-10-21","41.7","-71.0","10.0","FALL RIVER, MA US","  56.7","22","9999.9"," 0","1017.8","22","999.9"," 0","999.9"," 0","  0.0","22","999.9","999.9","  64.6","*","  52.2","*"," 0.00","I","999.9","000000"
"99727999999","2019-10-22","41.7","-71.0","10.0","FALL RIVER, MA US","  52.9","20","9999.9"," 0","1019.4","20","999.9"," 0","999.9"," 0","  0.0","20","999.9","999.9","  60.3","*","  48.6","*"," 0.00","I","999.9","000000"
"99727999999","2019-10-23","41.7","-71.0","10.0","FALL RIVER, MA US","  60.4","23","9999.9"," 0","1010.5","23","999.9"," 0","999.9"," 0","  0.0","23","999.9","999.9","  64.9","*","  55.8","*"," 0.00","I","999.9","000000"
"99727999999","2019-10-24","41.7","-71.0","10.0","FALL RIVER, MA US","  55.7","24","9999.9"," 0","1023.6","24","999.9"," 0","999.9"," 0","  0.0","24","999.9","999.9","  65.5","*","  46.9","*"," 0.00","I","999.9","000000"
"99727999999","2019-10-25","41.7","-71.0","10.0","FALL RIVER, MA US","  57.4","24","9999.9"," 0","1025.3","24","999.9"," 0","999.9"," 0","  0.0","24","999.9","999.9","  64.2","*","  52.0","*"," 0.00","I","999.9","000000"
"99727999999","2019-10-26","41.7","-71.0","10.0","FALL RIVER, MA US","  56.3","24","9999.9"," 0","1022.7","24","999.9"," 0","999.9"," 0","  0.0","24","999.9","999.9","  61.5","*","  50.5","*"," 0.00","I","999.9","000000"
"99727999999","2019-10-27","41.7","-71.0","10.0","FALL RIVER, MA US","  52.9","23","9999.9"," 0","1020.1","23","999.9"," 0","999.9"," 0","  0.0","23","999.9","999.9","  57.0","*","  50.9","*"," 0.00","I","999.9","000000"
"99727999999","2019-10-28","41.7","-71.0","10.0","FALL RIVER, MA US","  52.9","24","9999.9"," 0","1017.5","24","999.9"," 0","999.9"," 0","  0.0","24","999.9","999.9","  56.8","*","  50.0","*"," 0.00","I","999.9","000000"
"99727999999","2019-10-29","41.7","-71.0","10.0","FALL RIVER, MA US","  53.6","24","9999.9"," 0","1027.4","24","999.9"," 0","999.9"," 0","  0.0","24","999.9","999.9","  58.5","*","  51.1","*"," 0.00","I","999.9","000000"
"99727999999","2019-10-30","41.7","-71.0","10.0","FALL RIVER, MA US","  58.7","24","9999.9"," 0","1025.8","24","999.9"," 0","999.9"," 0","  0.0","24","999.9","999.9","  66.0","*","  55.4","*"," 0.00","I","999.9","000000"
"99727999999","2019-10-31","41.7","-71.0","10.0","FALL RIVER, MA US","  65.1","24","9999.9"," 0","1016.6","24","999.9"," 0","999.9"," 0","  0.0","24","999.9","999.9","  69.4","*","  59.9","*"," 0.00","I","999.9","000000"
"99727999999","2019-11-01","41.7","-71.0","10.0","FALL RIVER, MA US","  60.4","24","9999.9"," 0","1009.6","24","999.9"," 0","999.9"," 0","  0.0","24","999.9","999.9","  70.7","*","  51.4","*"," 0.00","I","999.9","000000"
"99727999999","2019-11-02","41.7","-71.0","10.0","FALL RIVER, MA US","  44.4","24","9999.9"," 0","1022.5","24","999.9"," 0","999.9"," 0","  0.0","24","999.9","999.9","  50.2","*","  37.0","*"," 0.00","I","999.9","000000"
"99727999999","2019-11-03","41.7","-71.0","10.0","FALL RIVER, MA US","  48.3","24","9999.9"," 0","1017.3","24","999.9"," 0","999.9"," 0","  0.0","24","999.9","999.9","  53.6","*","  41.0","*"," 0.00","I","999.9","000000"
"99727999999","2019-11-04","41.7","-71.0","10.0","FALL RIVER, MA US","  45.8","24","9999.9"," 0","1026.4","24","999.9"," 0","999.9"," 0","  0.0","24","999.9","999.9","  52.5","*","  41.2","*"," 0.00","I","999.9","000000"
"99727999999","2019-11-05","41.7","-71.0","10.0","FALL RIVER, MA US","  52.5","23","9999.9"," 0","1024.5","23","999.9"," 0","999.9"," 0","  0.0","23","999.9","999.9","  59.0","*","  47.1","*"," 0.00","I","999.9","000000"
"99727999999","2019-11-06","41.7","-71.0","10.0","FALL RIVER, MA US","  50.3","23","9999.9"," 0","1024.5","23","999.9"," 0","999.9"," 0","  0.0","23","999.9","999.9","  56.7","*","  45.0","*"," 0.00","I","999.9","000000"
"99727999999","2019-11-07","41.7","-71.0","10.0","FALL RIVER, MA US","  49.6","20","9999.9"," 0","1023.7","20","999.9"," 0","999.9"," 0","  0.0","20","999.9","999.9","  57.0","*","  44.1","*"," 0.00","I","999.9","000000"
"99727999999","2019-11-08","41.7","-71.0","10.0","FALL RIVER, MA US","  39.3","24","9999.9"," 0","1016.1","24","999.9"," 0","999.9"," 0","  0.0","24","999.9","999.9","  54.5","*","  33.8","*"," 0.00","I","999.9","000000"
"99727999999","2019-11-09","41.7","-71.0","10.0","FALL RIVER, MA US","  32.2","24","9999.9"," 0","1025.6","24","999.9"," 0","999.9"," 0","  0.0","24","999.9","999.9","  39.4","*","  26.2","*"," 0.00","I","999.9","000000"
"99727999999","2019-11-10","41.7","-71.0","10.0","FALL RIVER, MA US","  41.1","24","9999.9"," 0","1019.8","24","999.9"," 0","999.9"," 0","  0.0","24","999.9","999.9","  51.1","*","  33.3","*"," 0.00","I","999.9","000000"
"99727999999","2019-11-11","41.7","-71.0","10.0","FALL RIVER, MA US","  51.8","23","9999.9"," 0","1018.5","23","999.9"," 0","999.9"," 0","  0.0","23","999.9","999.9","  61.3","*","  43.7","*"," 0.00","I","999.9","000000"
"99727999999","2019-11-12","41.7","-71.0","10.0","FALL RIVER, MA US","  49.7","24","9999.9"," 0","1009.6","24","999.9"," 0","999.9"," 0","  0.0","24","999.9","999.9","  58.8","*","  34.0","*"," 0.00","I","999.9","000000"
"99727999999","2019-11-13","41.7","-71.0","10.0","FALL RIVER, MA US","  27.9","24","9999.9"," 0","1021.1","24","999.9"," 0","999.9"," 0","  0.0","24","999.9","999.9","  33.3","*","  22.5","*"," 0.00","I","999.9","000000"
"99727999999","2019-11-14","41.7","-71.0","10.0","FALL RIVER, MA US","  31.4","23","9999.9"," 0","1031.0","23","999.9"," 0","999.9"," 0","  0.0","23","999.9","999.9","  45.7","*","  22.3","*"," 0.00","I","999.9","000000"
"99727999999","2019-11-15","41.7","-71.0","10.0","FALL RIVER, MA US","  44.6","24","9999.9"," 0","1022.8","24","999.9"," 0","999.9"," 0","  0.0","24","999.9","999.9","  52.7","*","  39.2","*"," 0.00","I","999.9","000000"
"99727999999","2019-11-16","41.7","-71.0","10.0","FALL RIVER, MA US","  37.1","24","9999.9"," 0","1027.7","24","999.9"," 0","999.9"," 0","  0.0","24","999.9","999.9","  46.6","*","  29.7","*"," 0.00","I","999.9","000000"
"99727999999","2019-11-17","41.7","-71.0","10.0","FALL RIVER, MA US","  33.3","24","9999.9"," 0","1029.4","24","999.9"," 0","999.9"," 0","  0.0","24","999.9","999.9","  42.4","*","  26.8","*"," 0.00","I","999.9","000000"
"99727999999","2019-11-18","41.7","-71.0","10.0","FALL RIVER, MA US","  40.9","24","9999.9"," 0","1012.2","24","999.9"," 0","999.9"," 0","  0.0","24","999.9","999.9","  44.2","*","  38.1","*"," 0.00","I","999.9","000000"
"99727999999","2019-11-19","41.7","-71.0","10.0","FALL RIVER, MA US","  41.9","24","9999.9"," 0","1006.8","24","999.9"," 0","999.9"," 0","  0.0","24","999.9","999.9","  46.2","*","  39.6","*"," 0.00","I","999.9","000000"
"99727999999","2019-11-20","41.7","-71.0","10.0","FALL RIVER, MA US","  41.3","23","9999.9"," 0","1011.4","23","999.9"," 0","999.9"," 0","  0.0","23","999.9","999.9","  44.8","*","  39.0","*"," 0.00","I","999.9","000000"
"99727999999","2019-11-21","41.7","-71.0","10.0","FALL RIVER, MA US","  39.9","23","9999.9"," 0","1018.3","23","999.9"," 0","999.9"," 0","  0.0","23","999.9","999.9","  48.7","*","  34.2","*"," 0.00","I","999.9","000000"
"99727999999","2019-11-22","41.7","-71.0","10.0","FALL RIVER, MA US","  48.6","23","9999.9"," 0","1010.6","23","999.9"," 0","999.9"," 0","  0.0","23","999.9","999.9","  54.0","*","  42.4","*"," 0.00","I","999.9","000000"
"99727999999","2019-11-23","41.7","-71.0","10.0","FALL RIVER, MA US","  40.0","24","9999.9"," 0","1012.6","24","999.9"," 0","999.9"," 0","  0.0","24","999.9","999.9","  45.0","*","  35.6","*"," 0.00","I","999.9","000000"
"99727999999","2019-11-24","41.7","-71.0","10.0","FALL RIVER, MA US","  43.7","24","9999.9"," 0"," 998.9","24","999.9"," 0","999.9"," 0","  0.0","24","999.9","999.9","  48.6","*","  40.1","*"," 0.00","I","999.9","000000"
"99727999999","2019-11-25","41.7","-71.0","10.0","FALL RIVER, MA US","  44.8","23","9999.9"," 0","1002.7","23","999.9"," 0","999.9"," 0","  0.0","23","999.9","999.9","  51.1","*","  41.0","*"," 0.00","I","999.9","000000"
"99727999999","2019-11-26","41.7","-71.0","10.0","FALL RIVER, MA US","  49.2","24","9999.9"," 0","1015.1","24","999.9"," 0","999.9"," 0","  0.0","24","999.9","999.9","  58.3","*","  42.6","*"," 0.00","I","999.9","000000"
"99727999999","2019-11-27","41.7","-71.0","10.0","FALL RIVER, MA US","  48.0","23","9999.9"," 0","1015.0","23","999.9"," 0","999.9"," 0","  0.0","23","999.9","999.9","  56.7","*","  39.9","*"," 0.00","I","999.9","000000"
"99727999999","2019-11-28","41.7","-71.0","10.0","FALL RIVER, MA US","  47.1","24","9999.9"," 0","1002.6","24","999.9"," 0","999.9"," 0","  0.0","24","999.9","999.9","  54.7","*","  40.8","*"," 0.00","I","999.9","000000"
"99727999999","2019-11-29","41.7","-71.0","10.0","FALL RIVER, MA US","  36.7","24","9999.9"," 0","1018.2","24","999.9"," 0","999.9"," 0","  0.0","24","999.9","999.9","  41.9","*","  32.0","*"," 0.00","I","999.9","000000"
"99727999999","2019-11-30","41.7","-71.0","10.0","FALL RIVER, MA US","  33.9","24","9999.9"," 0","1015.2","24","999.9"," 0","999.9"," 0","  0.0","24","999.9","999.9","  38.8","*","  29.7","*"," 0.00","I","999.9","000000"
"99727999999","2019-12-01","41.7","-71.0","10.0","FALL RIVER, MA US","  29.1","24","9999.9"," 0","1015.4","24","999.9"," 0","999.9"," 0","  0.0","24","999.9","999.9","  35.6","*","  22.6","*"," 0.00","I","999.9","000000"
"99727999999","2019-12-02","41.7","-71.0","10.0","FALL RIVER, MA US","  38.6","24","9999.9"," 0","1001.3","24","999.9"," 0","999.9"," 0","  0.0","24","999.9","999.9","  42.4","*","  33.8","*"," 0.00","I","999.9","000000"
"99727999999","2019-12-03","41.7","-71.0","10.0","FALL RIVER, MA US","  31.6","24","9999.9"," 0"," 994.7","24","999.9"," 0","999.9"," 0","  0.0","24","999.9","999.9","  37.4","*","  29.1","*"," 0.00","I","999.9","000000"
"99727999999","2019-12-04","41.7","-71.0","10.0","FALL RIVER, MA US","  34.4","24","9999.9"," 0"," 999.1","24","999.9"," 0","999.9"," 0","  0.0","24","999.9","999.9","  38.3","*","  31.1","*"," 0.00","I","999.9","000000"
"99727999999","2019-12-05","41.7","-71.0","10.0","FALL RIVER, MA US","  37.8","22","9999.9"," 0","1002.3","22","999.9"," 0","999.9"," 0","  0.0","22","999.9","999.9","  41.7","*","  33.8","*"," 0.00","I","999.9","000000"
"99727999999","2019-12-06","41.7","-71.0","10.0","FALL RIVER, MA US","  36.0","24","9999.9"," 0","1016.6","24","999.9"," 0","999.9"," 0","  0.0","24","999.9","999.9","  46.0","*","  32.2","*"," 0.00","I","999.9","000000"
"99727999999","2019-12-07","41.7","-71.0","10.0","FALL RIVER, MA US","  34.6","24","9999.9"," 0","1022.7","24","999.9"," 0","999.9"," 0","  0.0","24","999.9","999.9","  46.0","*","  28.4","*"," 0.00","I","999.9","000000"
"99727999999","2019-12-08","41.7","-71.0","10.0","FALL RIVER, MA US","  29.1","23","9999.9"," 0","1032.9","23","999.9"," 0","999.9"," 0","  0.0","23","999.9","999.9","  38.5","*","  21.4","*"," 0.00","I","999.9","000000"
"99727999999","2019-12-09","41.7","-71.0","10.0","FALL RIVER, MA US","  48.0","21","9999.9"," 0","1023.9","21","999.9"," 0","999.9"," 0","  0.0","21","999.9","999.9","  57.4","*","  35.1","*"," 0.00","I","999.9","000000"
"99727999999","2019-12-10","41.7","-71.0","10.0","FALL RIVER, MA US","  56.0","24","9999.9"," 0","1008.8","24","999.9"," 0","999.9"," 0","  0.0","24","999.9","999.9","  59.2","*","  53.6","*"," 0.00","I","999.9","000000"
"99727999999","2019-12-11","41.7","-71.0","10.0","FALL RIVER, MA US","  36.8","24","9999.9"," 0","1021.0","24","999.9"," 0","999.9"," 0","  0.0","24","999.9","999.9","  53.6","*","  29.1","*"," 0.00","I","999.9","000000"
"99727999999","2019-12-12","41.7","-71.0","10.0","FALL RIVER, MA US","  30.1","24","9999.9"," 0","1035.2","24","999.9"," 0","999.9"," 0","  0.0","24","999.9","999.9","  34.0","*","  25.2","*"," 0.00","I","999.9","000000"
"99727999999","2019-12-13","41.7","-71.0","10.0","FALL RIVER, MA US","  33.8","24","9999.9"," 0","1034.2","24","999.9"," 0","999.9"," 0","  0.0","24","999.9","999.9","  44.2","*","  28.0","*"," 0.00","I","999.9","000000"
"99727999999","2019-12-14","41.7","-71.0","10.0","FALL RIVER, MA US","  53.9","24","9999.9"," 0","1005.4","24","999.9"," 0","999.9"," 0","  0.0","24","999.9","999.9","  59.9","*","  45.0","*"," 0.00","I","999.9","000000"
"99727999999","2019-12-15","41.7","-71.0","10.0","FALL RIVER, MA US","  46.9","24","9999.9"," 0"," 998.6","24","999.9"," 0","999.9"," 0","  0.0","24","999.9","999.9","  57.2","*","  42.6","*"," 0.00","I","999.9","000000"
"99727999999","2019-12-16","41.7","-71.0","10.0","FALL RIVER, MA US","  34.3","23","9999.9"," 0","1021.4","23","999.9"," 0","999.9"," 0","  0.0","23","999.9","999.9","  41.2","*","  32.0","*"," 0.00","I","999.9","000000"
"99727999999","2019-12-17","41.7","-71.0","10.0","FALL RIVER, MA US","  31.9","24","9999.9"," 0","1015.6","24","999.9"," 0","999.9"," 0","  0.0","24","999.9","999.9","  35.1","*","  28.4","*"," 0.00","I","999.9","000000"
"99727999999","2019-12-18","41.7","-71.0","10.0","FALL RIVER, MA US","  33.3","23","9999.9"," 0","1005.9","23","999.9"," 0","999.9"," 0","  0.0","23","999.9","999.9","  36.7","*","  30.4","*"," 0.00","I","999.9","000000"
"99727999999","2019-12-19","41.7","-71.0","10.0","FALL RIVER, MA US","  22.7","22","9999.9"," 0","1017.7","22","999.9"," 0","999.9"," 0","  0.0","22","999.9","999.9","  33.1","*","  15.8","*"," 0.00","I","999.9","000000"
"99727999999","2019-12-20","41.7","-71.0","10.0","FALL RIVER, MA US","  23.1","23","9999.9"," 0","1029.3","23","999.9"," 0","999.9"," 0","  0.0","23","999.9","999.9","  31.8","*","  18.5","*"," 0.00","I","999.9","000000"
"99727999999","2019-12-21","41.7","-71.0","10.0","FALL RIVER, MA US","  26.2","23","9999.9"," 0","1036.1","23","999.9"," 0","999.9"," 0","  0.0","23","999.9","999.9","  34.0","*","  19.9","*"," 0.00","I","999.9","000000"
"99727999999","2019-12-22","41.7","-71.0","10.0","FALL RIVER, MA US","  35.0","24","9999.9"," 0","1027.5","24","999.9"," 0","999.9"," 0","  0.0","24","999.9","999.9","  43.9","*","  28.4","*"," 0.00","I","999.9","000000"
"99727999999","2019-12-23","41.7","-71.0","10.0","FALL RIVER, MA US","  41.2","22","9999.9"," 0","1018.4","22","999.9"," 0","999.9"," 0","  0.0","22","999.9","999.9","  50.7","*","  36.5","*"," 0.00","I","999.9","000000"
"99727999999","2019-12-24","41.7","-71.0","10.0","FALL RIVER, MA US","  42.0","24","9999.9"," 0","1015.8","24","999.9"," 0","999.9"," 0","  0.0","24","999.9","999.9","  46.8","*","  37.4","*"," 0.00","I","999.9","000000"
"99727999999","2019-12-25","41.7","-71.0","10.0","FALL RIVER, MA US","  33.9","24","9999.9"," 0","1023.0","24","999.9"," 0","999.9"," 0","  0.0","24","999.9","999.9","  40.3","*","  28.4","*"," 0.00","I","999.9","000000"
"99727999999","2019-12-26","41.7","-71.0","10.0","FALL RIVER, MA US","  36.5","24","9999.9"," 0","1026.2","24","999.9"," 0","999.9"," 0","  0.0","24","999.9","999.9","  44.2","*","  33.4","*"," 0.00","I","999.9","000000"
"99727999999","2019-12-27","41.7","-71.0","10.0","FALL RIVER, MA US","  40.8","22","9999.9"," 0","1026.1","22","999.9"," 0","999.9"," 0","  0.0","22","999.9","999.9","  48.7","*","  33.8","*"," 0.00","I","999.9","000000"
"99727999999","2019-12-28","41.7","-71.0","10.0","FALL RIVER, MA US","  44.4","22","9999.9"," 0","1019.5","22","999.9"," 0","999.9"," 0","  0.0","22","999.9","999.9","  47.8","*","  39.2","*"," 0.00","I","999.9","000000"
"99727999999","2019-12-29","41.7","-71.0","10.0","FALL RIVER, MA US","  37.9","22","9999.9"," 0","1022.4","22","999.9"," 0","999.9"," 0","  0.0","22","999.9","999.9","  44.6","*","  33.6","*"," 0.00","I","999.9","000000"
"99727999999","2019-12-30","41.7","-71.0","10.0","FALL RIVER, MA US","  37.7","19","9999.9"," 0","1016.9","19","999.9"," 0","999.9"," 0","  0.0","19","999.9","999.9","  39.7","*","  36.3","*"," 0.00","I","999.9","000000"
"99727999999","2019-12-31","41.7","-71.0","10.0","FALL RIVER, MA US","  39.5","23","9999.9"," 0","1004.6","23","999.9"," 0","999.9"," 0","  0.0","23","999.9","999.9","  41.9","*","  37.4","*"," 0.00","I","999.9","000000"
